4.81674376542849e-41
2.20812051835183e-41
3.35486867819399e-44
3.43292109336802e-36
1.51522468372491e-20
3.5920988701263e-57
5.28836108679704e-21
1.54831601676624e-32
7.01978721999147e-27
8.3888395872771e-38
5.14249532808917e-31
5.26628023969752e-48
1.22435216715288e-80
2.15314193263614e-29
2.4514085110886e-18
1.90963849539525e-22
2.00481641680542e-45
8.66237251927486e-34
1.97699883804122e-22
1.78559712831989e-26
1.01625280150642e-17
1.22018835706147e-25
1.72767800253283e-21
6.25928179263128e-44
9.48586392948238e-26
5.55699370959269e-28
1.64301997309323e-36
1.88812049573418e-23
2.35184577107548e-10
5.69078879186694e-27
1.27155773117877e-30
1.64920440851277e-28
5.17219276687411e-19
8.55471966191481e-26
3.13073993286091e-53
5.57181269655741e-23
4.27136446439866e-33
7.72682269814408e-20
2.54029966288011e-21
2.96087928676477e-23
1.42071655814718e-13
1.17672034648892e-13
1.97357238198842e-37
2.09007332484561e-14
8.76103911108458e-26
6.37976592265362e-33
1.76354718594564e-31
5.62849800656075e-14
2.0067166991077e-14
1.05451389015361e-24
5.1457974821274e-16
4.82452300577934e-16
3.26256540685691e-41
1.6285263501962e-16
1.55694856054147e-21
7.54348020664236e-23
1.75267316375047e-36
5.87921211916519e-11
4.23449407092183e-21
1.9943291076132e-12
5.84270337866839e-53
1.62111249984395e-07
5.93288010680214e-12
3.03633589561503e-30
2.61614113823532e-20
7.28201303163977e-38
3.82107455894489e-09
2.92345288602798e-20
3.3772596928433e-29
2.73293519590508e-24
5.85062517730056e-20
1.52277339787174e-34
1.808406074408e-24
3.3090476196841e-17
7.34608550657924e-22
2.16206392327658e-38
9.62692645923015e-36
8.85358545315874e-24
9.69118284218086e-26
1.02262508208636e-22
8.00682831728354e-17
7.51267904373123e-34
4.24977385576904e-22
7.3322257878147e-14
3.59869007733298e-26
1.08392276468524e-14
5.88534446925208e-20
1.08113549333536e-27
1.84384345447369e-06
7.98637235087008e-10
1.5493675794621e-19
6.54084501330818e-13
6.48966766866774e-17
3.50507353710184e-22
1.12146992545439e-13
3.33979316843614e-21
4.22250659844101e-15
4.9641194146707e-26
1.00061599198101e-11
8.23321392483995e-21
1.09681441337752e-27
5.32738926783251e-16
6.29624377187686e-24
4.49340879005541e-17
1.30889508364967e-12
1.36706246025248e-14
2.55413325027931e-09
3.66718435437672e-34
6.73361546664093e-17
1.47846141617473e-10
2.63764924163164e-23
6.43108397206228e-08
8.76014081259473e-14
3.91432105601649e-11
1.12486197700913e-28
9.61057654586181e-42
1.0658816074949e-26
1.17696669346269e-10
2.46600373646372e-14
4.40280856149287e-11
6.13435483479824e-17
9.91012183021186e-08
1.02282631307033e-19
1.02709987887293e-25
1.02177227035724e-25
2.20734025465158e-12
3.13645151480544e-13
4.8432494555014e-12
8.99473967757244e-12
5.25079315706233e-19
3.70956719341942e-16
2.03422334097328e-15
2.57728551416382e-11
3.39852181798712e-10
2.57892602700376e-12
2.58489945726873e-22
2.66294681161728e-22
3.30275762809835e-10
2.33794738980976e-28
4.25379251328638e-32
2.71980631042677e-22
9.45972579184509e-15
1.30996444189438e-48
1.73281026970163e-14
7.63692007390297e-05
1.10429040859182e-08
2.50981446829176e-27
2.32567523770092e-08
2.70456753689888e-15
2.8191701685076e-33
3.13476779379699e-12
3.3467591311403e-20
5.22369978997629e-08
2.1799637151732e-13
1.64190782921918e-35
6.38106909622021e-13
8.62101131823178e-06
8.50223960371127e-28
1.61935249000388e-18
1.43448309533389e-16
6.245309846919e-18
1.80710512989004e-43
1.4982173063804e-26
5.00845809967888e-18
2.49659106729664e-09
6.43817529324942e-13
1.01334027590332e-05
3.66631542054415e-17
1.05760304046955e-18
1.13021784782158e-17
2.52305096649796e-16
3.84700951749254e-20
8.11210865966173e-08
9.19365091518912e-14
3.34156056001305e-12
6.56295079486848e-09
1.1670492658361e-06
1.49438790672029e-07
1.10177292944913e-11
8.0542571261857e-13
1.31806994532963e-19
8.33532663665785e-25
1.031105979898e-13
1.32482391695641e-09
3.79160283744052e-12
1.54207821419057e-12
9.71225261480187e-11
1.46315874653546e-15
5.28447214741956e-19
1.22405469681596e-10
1.12677536073145e-08
9.28710166281364e-22
2.15961469865937e-07
3.14748555766684e-10
5.80681929347378e-09
2.04503006035597e-13
2.22077819436365e-11
4.24172890209575e-09
2.64409502990935e-21
2.18123031536781e-21
5.84731280744543e-13
7.79889643885198e-13
1.04765008360498e-12
1.14435696732179e-40
1.78440128306893e-27
2.06135735551532e-15
6.17096477198776e-17
4.11641859611087e-17
2.32264733907616e-21
3.58973864932933e-11
6.92417659870575e-13
6.3209062449598e-12
2.05663494953985e-09
1.1728508039417e-30
2.53336618103096e-22
6.56034908024248e-20
8.47193770262746e-09
4.84403331999314e-05
1.78282369429577e-12
6.48580445938996e-13
2.40254910731084e-25
3.32564647923337e-08
4.77144511990985e-17
3.78299703416942e-09
6.70508898521526e-10
1.72229170377709e-20
1.72901583277634e-15
3.0230428560646e-07
1.71178387096371e-13
1.19945724484078e-17
0.000333327440896234
3.71618834976239e-07
9.52189965316739e-07
2.83120228294081e-22
7.47222252685198e-16
1.48164843679968e-08
2.05012576251855e-13
1.05657572548305e-18
2.3774020324955e-14
1.90636967520095e-33
4.23048142574639e-14
9.79737439045043e-11
1.35751029300724e-15
1.35794470868838e-11
2.76015208802704e-10
1.74013868357122e-05
9.11235344330075e-07
6.96588936705271e-05
1.9843427605725e-21
8.54185304868679e-07
3.35088940505677e-11
9.77776730352495e-11
1.51549738871114e-08
1.26296401612753e-08
2.95794571654541e-07
9.22747779835653e-21
2.22966576535267e-14
1.6246604591654e-09
2.05696365218234e-10
3.77806957899217e-13
2.66444432504085e-06
3.41418252421932e-08
2.39943990754855e-17
5.09949932669599e-06
8.55471966191481e-26
1.08474104559029e-14
3.84838469158498e-17
1.11285282983377e-31
2.46439641525525e-20
3.28227799206655e-23
1.05760304046955e-18
4.41245513845596e-06
6.6459618953806e-06
1.75509751914656e-11
3.30871233139043e-18
2.88253886082403e-12
3.30974394132521e-09
8.30072904794488e-16
0.00099317424520894
2.11321318249845e-09
3.92487513613906e-10
1.9104873919981e-09
2.17319085391625e-22
4.72211123998954e-06
6.02605637008345e-12
2.2200579642778e-08
6.17648916376255e-15
5.47878791999615e-17
2.69544688240388e-23
1.75522103940919e-08
4.69203741519047e-10
1.13413801580856e-08
3.97671075111458e-08
3.88200239205455e-19
6.8467626626e-12
7.56671848785476e-12
2.93941202142587e-05
1.48016393226878e-10
6.1833922866398e-21
7.69886567947452e-08
4.06454403058425e-06
5.22500911801856e-12
2.46285548957354e-26
7.4763328100071e-13
1.70078571772514e-17
2.93399249393708e-07
3.49599400677738e-17
9.24913713180423e-11
1.6202832307441e-09
9.75291901373184e-10
6.21858467625837e-23
5.70931606904976e-05
4.50470025460436e-13
1.20147300980733e-05
2.22067315689776e-06
7.09064369182071e-05
0.000291719753567164
3.57660696768307e-07
7.56970996359049e-07
1.95467242181446e-15
2.99678971553103e-06
1.66915093785121e-13
6.65902284665077e-15
6.86994280272957e-23
8.81748914834436e-17
3.77024143323108e-08
3.56868891763775e-10
1.68227409142935e-12
5.26252749511614e-08
1.56953054071675e-07
5.36472545302017e-14
8.8386440830382e-07
2.1803437741033e-22
1.5584980771037e-06
1.78287676898172e-10
1.079016050899e-22
2.70726587936146e-07
1.19606038769813e-10
1.20342203589071e-12
1.24509715781984e-08
2.94948442026446e-07
4.01389650861494e-09
5.71892359262667e-39
6.70420152624331e-13
9.0323706232441e-05
1.21767579800399e-19
8.70254520724985e-09
1.16824832063492e-17
1.2708913076377e-10
0.00121917112940176
2.04902938370792e-16
1.51768864351645e-06
5.35477979262315e-09
3.19566007679517e-10
2.69637830142818e-13
3.5403077307006e-09
2.42815434452573e-06
6.1676145610423e-11
1.26188192675596e-11
7.95025684362609e-36
3.29960757488137e-10
3.6605995901927e-13
0.000167137199119283
9.84023777444371e-09
3.45267161665912e-09
1.77940534975904e-21
2.97359046878455e-18
3.9856948133696e-10
3.77806957899217e-13
4.98250447503573e-11
0.00160334934197596
0.00106505760607354
1.2708913076377e-10
1.45852183931806e-06
2.00987055060233e-06
3.11015446225455e-28
2.30672591075509e-17
8.15342533911804e-10
6.12018392792889e-12
0.000233990381515847
8.72644558364014e-09
1.5732467058852e-07
2.57253092847346e-10
7.69979503970549e-08
3.42186644699835e-16
1.12007415841299e-11
0.00285941597781497
3.98018559065928e-09
6.53766703445828e-13
9.64064030312752e-06
4.39513977308767e-08
4.11134872352171e-14
4.20655199648971e-09
1.46519175545745e-15
5.89050769286726e-12
2.20067599919375e-17
1.05067746021165e-12
1.26871051687173e-13
1.1305620170067e-08
1.79771620293281e-19
3.12065641761891e-12
5.54910464427646e-09
5.84772105280966e-07
1.18622413625669e-05
8.12896751869825e-11
3.03989041131666e-05
0.00544191415046051
1.04824458744695e-06
3.16502238841484e-10
9.71977314714292e-08
1.77899787336432e-11
0.00572052651668709
3.88406834740809e-14
1.33949624879346e-08
3.07003022234615e-15
4.68263709193923e-08
7.31990501402779e-23
0.000140246897926352
6.1850344255363e-06
2.80074712330475e-08
3.09322523024103e-08
2.77368297210909e-07
5.7661067598836e-25
1.42298555488758e-06
4.28967300643048e-09
2.67449327525754e-07
4.97510385320407e-09
0.000131172594003503
4.44421567158378e-19
8.97770881484704e-15
8.85906994673129e-20
0.000242720018978474
1.5276797106604e-08
3.8253011472504e-17
3.87329042550243e-09
7.70986235582777e-15
1.67601955024128e-07
1.15288171999315e-06
1.31891956381111e-27
1.12107405241015e-06
2.81533541089035e-15
1.81403709069968e-08
3.54883842350271e-13
5.46573184578198e-18
7.85855054426394e-16
1.18327176511782e-09
0.000264884163745848
2.04620938271734e-06
5.32377818871359e-17
5.70605164992648e-05
8.22295222548667e-05
2.40720781207634e-07
2.5689333075373e-05
4.17687971870745e-07
0.00133066035163951
5.58292808668768e-05
1.95429054752278e-07
1.61809115340554e-06
7.56970996359049e-07
2.70776287678561e-21
2.52461160906898e-08
0.000578012168052132
1.12641520570348e-07
3.14287629818649e-06
4.28212554619363e-16
1.1102011108569e-06
4.62450389305318e-13
2.61548246580062e-05
6.98933631292842e-10
2.83624399768511e-05
4.22494433736787e-06
0.0018217306287265
2.78958663774109e-12
1.58583336349844e-11
1.35341268539426e-09
1.64935033840961e-05
1.31016019102452e-14
4.70798773442604e-08
9.50523485870714e-05
6.17838052067072e-17
2.15662335783712e-05
2.61953386848624e-07
1.52485727547268e-12
1.01454384050454e-07
3.06108332672169e-10
4.2690332178277e-07
1.70314609359553e-09
1.02530770630779e-06
4.12040545320929e-06
7.20859253215557e-13
1.6246604591654e-09
7.44861271577692e-17
8.40674405370953e-05
2.33356859003281e-06
3.49720334450665e-05
1.48889131110925e-10
0.000544582560075782
1.81296366894117e-06
1.24622907772732e-07
7.19477367702227e-15
0.00283019222581296
4.19184977459668e-05
1.50910974880504e-11
2.00366335221059e-07
3.81694946301142e-10
8.91341972668351e-12
0.000224910760333676
2.71555035788466e-14
1.20941090957933e-11
0.0016989947957667
1.23711958492677e-11
8.89859106704916e-10
1.71996094313057e-08
2.32449759419452e-08
3.97604004700581e-07
5.61357375104632e-06
3.47072598585176e-06
7.30064722740999e-05
1.19520566159431e-09
5.08869498618975e-05
1.00165960091871e-09
0.00618560752437942
1.35266287911223e-10
9.30655719054433e-08
7.88315763995946e-15
3.42150689606451e-06
1.1178278187555e-06
1.89269883223732e-05
0.000420362015783126
1.54150028940125e-05
1.50115322669388e-35
2.19639931434983e-09
0.00158306999773935
9.64351353570535e-10
2.98209022247728e-10
3.56407506147289e-08
3.15839388205778e-14
1.21925118861877e-06
0.000144203419322891
3.46635481744704e-09
1.65073664583541e-06
2.07221874282717e-07
0.00214583255814078
0.000134744187828709
2.15556446165968e-05
2.5626890628301e-08
0.000377593134128852
2.67450964633539e-06
8.06819182405342e-08
3.52197958458952e-10
1.35858659278383e-10
5.77921087162025e-11
2.05558559755694e-06
4.73346366140758e-15
1.99494049805245e-08
0.000673202290697384
1.22624764073345e-08
2.50105667091638e-08
1.5828907561554e-14
8.2473018772524e-05
4.61303864115167e-06
7.5147782419254e-07
3.27012547671763e-14
0.000186968109094326
0.000151237269604234
2.60310262384592e-05
7.18015719929712e-11
5.48570240868918e-16
0.00302916485497171
0.000359345043557148
2.0990336650529e-07
0.000222691106852047
0.00317995302138451
0.000453061857587838
9.55525231405068e-20
1.19606038769813e-10
1.28179968064006e-07
0.00819075577834923
0.00382487588424396
5.35930196114758e-09
0.00500666427285361
3.17084147845665e-10
1.30653970490915e-07
4.21852550278975e-12
0.00371791828012555
0.00117434180563024
1.11016665763305e-16
5.09949932669599e-06
3.05309454015742e-11
2.23658915617781e-07
0.000509920038461979
8.51294692411276e-08
3.56761214181473e-08
7.08709722311206e-10
0.00263524251671618
0.000133892492781242
2.43875835960948e-07
0.000212964837364748
6.01071427885591e-07
4.46682642207814e-07
1.7483123865285e-05
0.00244243037507114
1.13463205272171e-07
1.34385593472974e-06
0.000104048291367474
0.00769165313538158
3.11526174366343e-05
1.38767561648492e-08
0.00405285419983043
3.31971367705447e-05
3.9536025439062e-05
0.00151636750274883
0.000251384811327219
1.30913692826513e-11
3.19752653190365e-06
0.000457265216313758
0.00333958224547257
1.28018210760388e-07
3.74432061350982e-09
5.35212007371809e-11
6.96740613843648e-08
6.20059112379522e-07
1.56351689538878e-05
0.00406782559983801
0.00810602386204391
4.72569359684177e-08
1.54369562918713e-06
0.00300209851819544
0.000570552178109147
0.00140084126081835
0.000509410220183128
1.12436172181428e-08
5.09949932669599e-06
1.1901840423357e-09
6.11494146363887e-07
9.66732861575141e-10
6.84903680573839e-06
2.01283332478363e-05
2.13408421053077e-06
3.20831269279599e-05
1.45085887027154e-05
3.84108407408392e-07
0.000203456896656238
3.36756512857248e-05
2.10759176019079e-05
2.3051419757574e-06
0.000169752040138236
7.18015719929712e-11
9.00106344542627e-09
1.75522103940919e-08
1.78642454697577e-05
0.00183046121203307
0.000529354361171447
1.75077354828696e-08
6.44961147900717e-05
1.48164843679968e-08
3.64943438567546e-06
0.000386585653599881
0.00807391683791384
1.18999052817599e-08
2.00369314716446e-05
3.44418447942458e-05
1.71996094313057e-08
1.63639708499177e-05
0.00265041995252982
0.000184877207996765
2.45228240603004e-11
6.3806894067083e-05
2.57728551416382e-11
7.26154849040343e-06
8.39947021726595e-06
2.20235161236129e-05
4.22856332426831e-08
9.78781225592087e-05
4.2178628832518e-09
7.35627883322324e-05
3.99344912478524e-06
9.20847167901162e-05
8.18403996158196e-07
1.42318254195439e-05
0.000115544038429693
0.0087185016229453
5.40851584900219e-08
1.01509084270672e-06
7.25439331796859e-06
0.00984656990845741
1.45378079908713e-06
0.00859726956134531
3.83585544197136e-06
0.000865997278212435
0.000848480106009159
1.93461740431925e-07
5.09222203134205e-05
2.58525339187897e-11
2.77200908315571e-08
2.16079121637883e-05
2.751256813817e-06
2.15249806278091e-05
0.000123485425250878
7.77311063785763e-15
4.20990794215012e-07
0.000215792859864233
4.97930600951495e-06
1.79233164538453e-06
4.31705160082257e-09
0.00014097065127693
3.71998003719967e-05
9.05904120317195e-07
4.94373021493229e-08
5.46278959723368e-07
3.40702973121282e-05
0.00101690828150998
0.00125664759851592
0.000128633315559375
8.86161528259275e-11
4.72569359684177e-08
5.58095409114064e-06
1.03669566266967e-05
0.000148006555620753
4.60484751034739e-06
2.07736993270173e-09
7.97079902244916e-08
0.00030472068337428
6.57623761036477e-06
0.000306407422516032
0.00338537645819394
8.73426187413249e-07
0.0019835087101181
5.94397233851555e-05
1.27380822304677e-05
0.00011789207326562
0.00257954141606547
0.000337175156257323
0.00136682659082157
1.7560629962617e-08
0.00227611779226099
2.00917899855487e-09
2.58907199807555e-05
0.00871154474243341
0.00174188279866577
0.00174330789192632
1.10359323827607e-08
3.51936166239661e-06
2.23824272417324e-06
3.07813282682312e-05
3.6999855320386e-05
1.71153135915271e-09
0.000454521852051056
0.00515543604585437
0.000248022562951264
0.00455268659158981
4.07489796109157e-05
5.2090631215223e-05
5.52380454187524e-08
1.34577086449564e-05
9.18372907281156e-07
3.17084147845665e-10
0.000897135155626065
0.00271888713004828
2.52120019489495e-06
6.50830496382836e-05
0.00208309791861187
1.79045277604469e-06
5.93906510449821e-10
8.25907058612762e-05
1.12393619728347e-08
0.000874232330073196
9.74160289252486e-05
1.07313717470776e-05
6.20645250154686e-05
2.4056103672267e-05
1.66548557079148e-10
0.00112163257453042
1.11487018852841e-05
0.000117852466265209
1.33746636906893e-10
0.000979748222032032
0.000277035645688587
0.000417580190321885
0.00027601538387228
0.00183046121203307
0.00139827955485015
0.00121129580815889
0.00188070789399557
0.00586725667041193
4.97688636067863e-11
4.97255224121021e-06
0.00244464643968943
0.000262354572648524
5.0965441971062e-06
1.76265535817781e-05
6.73827523786006e-06
0.000857099497265466
0.00076402642995036
0.00736411069915687
0.00119576161861555
5.30005299143121e-06
0.00186136091305225
0.00423547419958041
3.63362668738311e-07
1.04524969073745e-05
0.00149111928766193
0.000232700244170332
0.00310814488313594
0.000804518954548193
0.000818434480150038
8.23652405627857e-07
0.00436535604935621
1.39822281287229e-06
0.00211825594897529
0.000607094744361303
1.42697975954526e-07
0.000105166457162017
1.52086735956435e-06
0.000906254927134588
0.00332679905506799
3.0972637292865e-07
0.000171440051103045
3.91298622447766e-05
0.00208495328851421
1.48913897167388e-06
8.76801845386151e-06
0.000217169609764842
0.000707178569256077
4.174249348214e-06
1.56704218513536e-08
3.54805357839784e-07
0.00410719085312016
0.0035570104356288
0.00421527021072498
0.000209117723166306
0.00203866769050528
0.00206023578136412
7.67284388672002e-06
9.79143164947263e-09
0.00063249715169152
0.000976202702303331
3.88371139832541e-05
0.00036027459541675
0.00184618682150064
0.00374937571448751
0.00834593213463365
4.62629573849218e-08
2.22320753328869e-05
7.85742108869631e-08
0.00174449094800788
0.00417568905372188
0.000222282081903677
5.89385347581353e-05
0.00206596129786109
0.0048221162252836
5.39137366916468e-06
2.592421743582e-05
3.58678268967308e-06
2.17876227799498e-05
0.000106785935727316
9.23848186958715e-05
2.74031688040014e-05
1.54601412931857e-07
0.00902528196604546
2.10599816579691e-06
0.00522336068063166
1.44073452829931e-08
0.000138915183237289
1.49885450385427e-05
4.08775267047103e-05
2.81838648182763e-07
4.59660750982315e-06
4.90125273906762e-08
0.00188364917084889
5.27867439030462e-10
0.00333448684756005
4.51531757328314e-07
0.00118141565927333
1.51768864351645e-06
0.00970254563995949
0.0013712492941107
0.00842416419888785
0.00304967994326086
0.000149070396086474
0.00208088137912471
0.00624562135224314
2.33612897750481e-05
0.00108935508108218
0.00148131591092443
0.00544566349056676
0.000510180448463867
0.00061894424540169
0.00111181211701859
0.00476295288638917
0.000946557685445212
0.00498317296979145
2.68799761063071e-06
0.00756321290526734
0.000464126060282051
4.90208783714765e-05
0.0061606978852502
5.54420176066151e-06
0.00441889655590571
0.00313625498207424
0.00596679336441502
0.00179006452808019
0.00649936939755225
3.76328167312792e-06
0.00474707696411271
0.000536576649934058
0.000875270750629327
0.00024228328574744
1.92781672487878e-07
0.000313281493224618
3.96150525145768e-05
3.46712780999286e-06
0.00853751882323419
0.00113246992395992
0.000543284796367398
0.00309932320936993
0.00839860634591886
0.00151755540850949
0.000833990144796233
0.00408708608208665
0.000547800802047426
0.00949255885754572
6.33598646292448e-06
0.00607643629725929
0.000267217016436898
0.00177841781958298
1.72884221769412e-05
8.14369951831896e-08
0.000978307844578221
3.14278136468068e-09
0.00381768917006826
1.5321837807414e-05
7.60869044965324e-06
0.000280350637069044
0.000127773888553854
0.000350944261976002
0.000181785607349686
0.00195113288046843
3.74475429064636e-05
0.00761354486837386
0.000832841346852541
0.000377504640416829
0.00491193631974225
8.75358865540274e-05
0.00120334586250032
0.00160142654698735
0.000632875605300053
0.00122117635564182
0.00187084715495136
0.004687007788272
0.00140788669555096
0.000137216982968114
0.00634961372839573
4.91389978017585e-06
0.0027188588592474
0.0016107035425859
7.41301081027727e-05
1.77881534766947e-05
0.000377996410552636
0.000270931314941622
0.00177405738821576
0.0019702549619085
0.0066257044819872
0.00416797441340637
0.00669952947415357
0.000110049716093665
0.00422501513426989
0.00690728356688465
0.00847468920084061
0.000630945554950111
0.00177689847735379
0.00624809894653322
0.00134706966658915
0.000768560452271435
0.000902887882194709
0.00522693420388535
5.43140293101235e-06
0.00894984217992736
0.000256564207789201
0.0034791882864757
0.00867541476531394
0.000827433143829912
3.52275255376672e-05
0.000645905321875662
0.000438392126033698
0.00044293086244504
1.03751857044241e-05
0.00908167784415665
0.000566262724224033
0.00481572948802908
0.000123278955081067
2.39488150115524e-06
0.00267626611775121
0.00256341514558074
0.00476782063636159
0.000107547113429389
0.00696686257370831
8.92300326689717e-05
3.30924993404444e-07
0.000126691543606284
0.00167869215432775
0.000832841346852541
0.00444459003821366
0.000645905321875662
0.00894984217992736
0.00760506912512761
0.00337475910282592
0.00951375453042738
0.000113596128195177
0.00138619899550444
0.000116378345786986
0.00338565853627754
0.00483787990600356
0.00491775795287363
0.00784958568341161
0.000410767981253298
0.00382511657286507
0.00198822579610015
0.0038058374719676
1.73103782167245e-05
0.00147012973383186
0.000169125414276688
0.0010897833851607
1.49885450385427e-05
0.0030891344373265
2.71846953591484e-05
0.00100312369647573
0.00992298827841278
0.00250250507331382
0.000522298568534951
0.00045796925122201
0.00684546715318787
0.000840327053084424
0.00483871811967404
0.00526282122037286
0.000256012835846767
0.000269533565057853
1.20517770699296e-05
0.0014396967309295
1.24255049472876e-05
0.00163727755768203
0.000755866890723108
0.00789407805288867
0.00113688192349668
0.00238175400428117
0.000104258816318697
0.00799943073117318
0.00112565288853563
0.00717252105578201
1.94862230615825e-05
0.000175193298502155
0.00100299279357548
0.00661642572948164
0.000716510657437786
0.00171505523274957
0.00155628301248956
0.002314068624425
0.00322530797747092
0.00817623085875741
0.000441476114711767
0.00859135525772748
0.00217793285384827
0.00625937137205904
0.000368834031669915
0.00454541087069084
0.00178975450354902
0.00859938182505749
0.00890602156151763
0.00443042257272498
0.00155935992028654
1.30593321118645e-05
0.00515218138206282
0.00713158217103481
0.00244010949034296
2.92812896598536e-05
9.48928168240104e-05
0.000239403285193909
0.00509882074372005
0.000781141356038691
0.00602983458285227
0.00183327559771727
0.00204379491705883
0.00050851892118555
0.00518114489751422
0.00369431704543163
0.000762030175273652
0.00637554338601483
0.00718931473703804
0.000173593653316934
0.00843499311610807
0.00183046121203307
0.00134834276964639
0.00602983458285227
0.000160414225447364
0.000692212212604992
0.00166514498657206
0.00714817706071833
0.00950908827807438
0.00531588041821262
0.00939285306373662
0.00704587552576746
0.000267931963780613
0.00398918840134431
0.00577949208162414
0.00553343699369415
0.00727378120705458
0.00484698620897966
0.00381261689876497
0.0039104515559167
0.00744272054869845
0.00794377987008265
0.00107069202867955
0.000858431253007892
0.00256028377536531
0.00184405867345398
0.00202852029074257
0.00388930623872362
0.00906455900613021
0.00810514947362744
0.00877620812902896
0.00155891202306561
0.0095624248193437
0.00790725463354609
