1.22645339627391e-35
2.41500615741909e-13
6.05977462694705e-31
7.45247682558808e-66
1.42485208580402e-38
3.95718977125775e-15
7.4586202895317e-13
9.93196018219962e-09
2.67790472695206e-23
1.03412614814101e-29
1.98937738095125e-27
3.39594599988291e-15
3.86874188867329e-32
1.54110200149552e-17
4.3417138476248e-14
1.13883462514947e-36
4.48157047130898e-22
7.07558342056183e-24
1.99692918295198e-17
9.67730077885068e-13
1.90432796326833e-22
3.76116180555759e-17
2.12297616240912e-06
1.14988398823981e-08
8.8193551732251e-07
1.13883462514947e-36
1.29444772734677e-20
8.0976378983732e-17
5.60913867423859e-08
1.86625899190308e-06
3.05157809567807e-25
2.28009760104321e-22
1.27542670912166e-23
1.00426388790293e-13
1.9082934500573e-15
2.33472028304781e-14
3.34369807731111e-17
2.84977506627068e-10
1.6138157707456e-08
2.0257145913682e-14
1.11082308621181e-06
1.21380279165148e-07
2.59168253361928e-18
1.48697935607799e-12
1.25827440324421e-10
9.34464687563562e-19
5.22353896531366e-17
3.28222610012998e-07
5.85589569775545e-10
4.61002299928258e-09
4.92925670280753e-13
1.35732769638418e-10
1.97120123228224e-18
1.74382543313411e-06
5.20510487653375e-22
1.41976068304245e-18
2.28360641628386e-18
1.30941173141245e-14
3.1192712647619e-22
1.46318701139714e-07
4.2207139704019e-11
8.60736061887659e-23
1.86564431705636e-16
2.26309626196404e-09
7.91320135001008e-06
9.12728514581131e-17
2.28272477759886e-13
3.7506044012398e-16
2.07939040349233e-19
1.37698713595754e-11
7.5632254341419e-24
1.01906847785652e-25
6.09067971910673e-24
1.23809942932585e-23
1.30167676676353e-22
2.54469542999541e-05
5.09949932669599e-06
8.27284326139303e-31
2.18787985382241e-17
3.14438311550164e-09
3.39490773529491e-08
3.25879129852609e-20
9.58704816995377e-23
2.06005538288823e-15
9.05034103498048e-16
9.94706719588729e-15
6.84173671710853e-16
1.94449232235206e-06
1.67026361275725e-25
6.08643222370247e-24
4.20813793151209e-14
1.1520718154594e-09
1.247636172933e-32
1.01906847785652e-25
1.45382511254569e-14
7.88275878568411e-24
7.45620099771848e-18
4.31593476619729e-26
2.18404070188913e-12
6.94335160966683e-06
9.6705692093962e-17
1.85402791118356e-17
3.51936166239661e-06
1.6068154103347e-18
2.39573005795682e-08
7.35809388858176e-22
1.19541412665751e-18
7.83202539169012e-17
1.75309780258128e-22
4.08054678621766e-11
1.72357544402182e-16
4.02270537765507e-18
5.13609042607411e-06
1.00401228789113e-12
8.9852453687474e-06
2.28360641628386e-18
2.16374589074846e-13
1.99494049805245e-08
2.19550432376205e-11
1.35493619151948e-16
1.72767800253283e-21
2.27377144598902e-10
2.58653619929603e-13
1.82789389478213e-19
4.20398311428059e-08
1.02825654843775e-25
1.52482499150287e-10
2.19471207367467e-07
3.46530556524204e-13
6.16578009503637e-07
2.87310328594439e-06
4.62450389305318e-13
1.92540667230289e-18
6.39940707641564e-09
5.01417514517878e-06
3.08459534239855e-10
3.8515949206646e-11
5.03299295367718e-17
1.45232682447811e-07
2.88560669442139e-09
5.24935681728806e-09
1.6500118629136e-10
1.23113329257396e-11
5.83366740355156e-15
7.17155756574249e-13
2.26549133440723e-23
2.36656961357542e-09
1.13451938078879e-12
2.17402355597089e-17
3.3302739999653e-16
1.10002253009931e-11
1.15152291234125e-05
9.04260639090648e-08
3.4664121200665e-24
2.3446901780214e-15
9.48189075398678e-12
0.00030472068337428
4.92925670280753e-13
5.37181229029054e-05
1.91083237581843e-12
5.70604085965234e-08
0.00139349899218105
9.30150728785005e-15
1.20906840337432e-18
6.87445910962183e-09
1.59552290840308e-21
8.03878760406796e-19
2.92011469036181e-11
2.91599201059736e-17
2.99881775706358e-07
1.06597368960739e-08
1.46991853340302e-13
1.44294319943899e-07
3.42431645510259e-14
1.02709987887293e-25
2.20067599919375e-17
2.76100601091611e-15
2.93851676995998e-10
1.76466931732193e-27
2.66294681161728e-22
5.32446013254829e-16
1.50507357193298e-23
1.34377573215556e-15
5.2106503244572e-15
4.28562514002711e-08
6.18286144218686e-07
1.2884945081618e-08
1.65115816736562e-23
2.99378417321005e-11
1.91109144568997e-10
8.76014081259473e-14
1.67582988142429e-06
6.31216546305992e-05
7.38626909320471e-16
2.92345288602798e-20
3.13888255087436e-06
1.16481127557772e-13
1.27467817650742e-11
5.37751538342298e-09
8.25936911429972e-11
6.1676145610423e-11
4.44823475388266e-08
0.000524295708872563
1.36979665573349e-06
4.0940438415522e-07
4.50149320283755e-12
1.90937860681339e-11
1.58976364299591e-20
4.16487142701095e-16
9.76070286892842e-15
0.000338397828671069
8.30841884548363e-08
5.25007571826534e-08
7.21342852904293e-09
8.05262893984299e-10
6.09471604959237e-23
9.54669028916847e-09
4.52544608147113e-09
1.52124860110675e-21
1.33035199437284e-08
2.83814892846051e-08
1.54757393150854e-07
1.10273201555014e-09
1.42114884656381e-17
3.53769899290287e-05
5.29737419686836e-12
3.54423267411148e-13
1.73281026970163e-14
1.33017873094134e-05
2.78067846384164e-14
4.64108970530718e-21
3.87046464881493e-14
5.93228458420029e-10
3.39196149957029e-08
4.56858862007006e-08
2.16663135337836e-08
6.98694425673517e-14
2.10570553559615e-09
3.46755069951424e-08
2.67040929961743e-10
1.79337628600504e-10
1.50721963419158e-17
4.43605745721046e-15
1.21475754567359e-13
2.76170066845018e-12
3.7820128545717e-11
9.9195860408654e-08
4.35833851154467e-08
3.80147130555636e-15
3.34797440317206e-11
9.42207970701992e-09
1.16405071537105e-08
4.50659427786536e-11
1.75383214887048e-12
2.50686598898569e-26
9.79847621401958e-05
2.02652301248088e-08
1.06355966015153e-09
3.94043310243689e-21
4.2600491596828e-07
2.18755735673276e-11
5.41060685463062e-15
6.77255928410751e-11
8.34621888851533e-11
5.20510487653375e-22
7.83937050077097e-17
8.86863648161339e-12
5.62408749020946e-09
5.90450957781348e-19
5.66832798279593e-10
5.40136248633609e-18
1.36437223741076e-05
4.44852643246377e-10
4.09899939066437e-23
0.00143696494109316
1.36231961684137e-10
2.76419126103014e-07
3.21836228940858e-05
7.67790721461162e-09
8.39729715352745e-22
6.74097684518916e-16
2.27362748767751e-11
2.47455252372671e-07
4.07306546712341e-05
5.99780234811336e-07
2.28355764641316e-13
0.000198691167819301
8.16394282465673e-09
0.00100882920432479
2.50684102514815e-12
9.05973157669263e-12
6.68825177209239e-14
1.42985316848736e-11
1.15358184437326e-08
9.44373297986088e-12
5.95607880370835e-15
1.87101215576099e-08
5.96670389500518e-07
5.28746391455829e-08
9.34020241585323e-07
1.03357759499437e-20
9.25687785157097e-09
4.20655199648971e-09
7.4142823829068e-07
3.03031548386802e-07
9.63733918827977e-08
2.43389295059242e-14
3.69951471612091e-08
0.000333006515800499
9.40029332529356e-10
1.06450240575911e-05
1.45369159784765e-07
2.84288260252072e-06
5.49078304369194e-08
3.7756042670765e-08
6.5022122918777e-14
1.10937105558069e-18
1.49572154445651e-11
3.37082406602385e-10
0.000640997998476076
5.57763753555787e-09
1.44627901446827e-06
4.27342804542221e-07
2.9499189038761e-06
5.9379093181947e-22
3.48627118243755e-09
1.22591218068609e-05
2.32598966986454e-09
2.06275612258714e-11
2.48088099342944e-09
0.00030459594260783
4.9133507236139e-06
0.00134703301151461
1.59691722544468e-08
9.87332532183284e-07
4.79293283539341e-09
0.000551622124875892
5.36101843707212e-09
4.36810011613947e-07
1.56587867041197e-07
3.43743844311875e-06
0.0014346911638167
9.91539928540497e-10
8.63842769452769e-14
2.69893005916006e-10
4.86678794421813e-06
9.581152490363e-18
8.73614047352678e-08
8.5479860008649e-06
7.17144709185581e-11
1.65088644270589e-07
9.91012183021186e-08
7.46303479910027e-08
1.59403197870579e-05
0.00820123377628424
2.49765009457293e-07
4.36375657125234e-08
1.22035840634319e-12
4.23754024858429e-16
5.09949932669599e-06
3.16977937710191e-10
4.00652818687664e-10
8.74445569205783e-13
2.71604570787757e-08
4.5680731531133e-05
7.13220589451242e-06
0.000213824559648305
1.30994718944772e-05
2.94234508666404e-19
7.08739115716144e-05
1.76613284364543e-15
7.50460205792325e-11
1.327301811144e-07
1.3491581196616e-07
9.99845721705868e-08
1.1124941644772e-07
0.000182326814056603
8.32225631382726e-06
2.75520868747616e-09
5.28746391455829e-08
1.2835243772033e-12
1.152050562142e-14
2.21498690113707e-11
1.07548540118621e-07
9.79143164947263e-09
9.11869933639265e-09
6.66201860282971e-08
5.90811343153612e-08
1.46246286548522e-10
4.16178159848005e-07
6.29987789927229e-06
1.54725732302494e-17
0.00086010385628357
5.11553038976817e-07
2.71544247151557e-09
6.38155471840864e-05
3.44892374808003e-08
4.45433015718534e-07
7.15977303984338e-05
0.00216253408882985
3.90187847498688e-06
0.000140906889550755
1.78366289860855e-05
4.70054016094161e-06
4.93981664785062e-06
5.31712758509602e-05
9.84979092222808e-05
2.73419591764622e-05
1.12253908555432e-06
0.00126594489019849
2.18404070188913e-12
6.52326341613141e-11
1.34401634057922e-09
2.96801624512667e-06
0.00265753077937974
2.2200579642778e-08
1.44157080224493e-06
3.80147130555636e-15
1.00759922044799e-11
0.000873881207132838
3.68085943568076e-16
9.08443721718552e-10
1.6556631754927e-09
0.000129641259443452
1.1240940966317e-08
0.000124742550747543
0.00688336200658147
0.000426291810431776
3.48142789667875e-14
8.0253398433175e-05
1.85206024453085e-08
3.55177929255723e-07
1.10352342833173e-06
0.000463814790337485
0.00135983443684405
1.8094849876735e-11
0.000183708001665828
9.70530403023487e-07
1.74208630105224e-05
1.93164544622781e-09
3.00168398637864e-07
0.00449248778513938
3.65713370238811e-05
2.34732534039565e-10
2.31748639750513e-19
5.09677291571534e-11
3.15513743026783e-07
0.00121873640365719
6.96198265120273e-13
6.95015418608394e-06
8.87771320961387e-11
5.70605164992648e-05
1.7840879652307e-08
7.10767380596419e-08
2.10765183509401e-08
8.36129926174982e-06
1.06202577314714e-08
0.00456493578316347
1.08010188558925e-06
3.6048502775565e-06
1.0434208374683e-10
9.58795449957959e-06
5.77279792618261e-10
3.97046986870728e-07
2.96218143985225e-05
6.09284132229959e-06
4.28967300643048e-09
6.09068581690584e-08
1.90989411033086e-06
3.37845825204597e-17
1.99503978968639e-05
0.000367562076481149
0.000905759039485127
2.55063590720288e-13
0.00044287052170253
0.000204624617776148
1.63032921926815e-08
2.74022573220977e-11
1.12582346018212e-06
3.51893098509613e-06
0.00111329431296911
2.45848444661857e-13
3.08655616164456e-06
2.14534251865143e-05
3.24897182735389e-11
0.000158780341823411
4.97627693994119e-05
0.000161426173977103
1.45418160839163e-07
5.53264110829847e-09
0.000141264067414153
7.32721421696966e-05
5.24560334031221e-09
2.16391493036354e-05
0.000189151570682548
4.15419690214963e-08
2.92011469036181e-11
5.9873507255143e-06
3.6837541584353e-07
0.000789794256221725
1.4621864438034e-15
3.70937356365212e-09
0.000164292067582519
1.08014093217718e-06
0.000191192422260915
6.85973987757676e-06
4.06280806752261e-09
8.16832378730377e-10
0.000750508778579646
1.73281026970163e-14
8.78215975763988e-11
4.22196881426143e-05
4.92795936998266e-07
1.79048898948452e-13
0.00593969479288224
2.64212994797306e-05
3.15675922206651e-09
4.43710741221784e-08
0.000170752821385277
5.32618665144888e-10
4.06869635863366e-12
0.00168528494854944
1.74382543313411e-06
1.44231771224279e-09
0.00195816494027173
2.04826377547445e-09
1.06071273676479e-07
1.01457362976597e-17
1.31767138276118e-07
8.06296373554989e-06
4.18111124435448e-08
0.00121322836700416
0.000100529394026335
0.00100312369647573
1.36460193958987e-06
4.02393869238034e-08
5.46121622561746e-07
1.41827820120823e-08
8.79475376815553e-05
1.22656589989513e-14
0.00241526050489442
4.0940438415522e-07
5.83721281674881e-06
7.41484455584491e-13
3.7956300502864e-08
0.00634069763301817
4.6166289284075e-05
0.00492342521470558
1.92437333574134e-08
2.49272634719806e-06
4.96489107304663e-06
5.89776770966961e-06
9.09592294509278e-07
6.59483532497396e-07
3.20545813469713e-09
4.84190370223438e-05
0.000732196318817868
4.44386218542464e-07
3.08622634882351e-05
6.44355250901253e-05
4.02944850470444e-07
6.82104754559577e-07
0.000226476431849434
5.53216984491626e-09
4.94599831935419e-05
1.16585033390223e-05
8.33978104714969e-10
4.49029188737263e-06
1.8369180654853e-08
3.73101063869354e-08
4.95963121407236e-10
1.00058933540687e-06
0.000938236521604402
2.18948534975805e-09
4.15295323107149e-07
1.17691915384522e-06
8.53019372907211e-06
8.6820080308554e-06
6.61933004157544e-05
0.000119009758482565
4.13322551570921e-18
0.00193060617654871
9.29730967250406e-05
2.50105667091638e-08
3.0680138360442e-08
0.000503710381768723
0.00159067352544808
4.0745951669187e-05
3.51324496514624e-09
1.71834043047392e-06
1.32101619183423e-05
2.26414598226721e-05
0.00128196250956468
3.48389215707803e-08
1.62411738458917e-15
6.3511033651594e-07
8.63968650312266e-06
8.16832378730377e-10
1.56683336835089e-05
1.24079414841008e-08
3.74627349590904e-05
3.57272318221247e-06
0.000649097407123129
0.00423197994137357
4.02379711414436e-06
0.000221377939229238
1.01608078691506e-07
1.47089661841465e-13
3.49720334450665e-05
2.78944401477943e-10
0.00057068093120685
1.83778404785255e-07
5.91490440897902e-07
7.43347219456127e-10
5.93303184616528e-11
4.85187830251505e-05
2.1842637680047e-05
3.97565598510771e-10
6.72276751946021e-05
2.49282727590191e-09
0.000254343751435119
0.000934206027659425
8.44940399785726e-08
0.00238900703374271
0.000848480106009159
0.000307484280502095
7.0080546776452e-06
5.49997649941856e-08
0.000327719180551683
0.00100706130170881
4.13168656453243e-08
0.000193133716316061
1.7732650843299e-06
7.04422522441234e-10
0.00104414910033652
1.29630294921411e-10
3.40541173423205e-05
8.58635705564702e-05
0.000576903361206068
0.000551889763106665
2.97661888570064e-07
5.93205804301048e-08
1.70614665829821e-05
1.0452564026284e-06
8.48050793343613e-08
0.000393955408721442
2.04761885582642e-08
0.000157150251181954
4.39339993406448e-10
6.16085340016067e-05
1.47651960435534e-16
0.00720981007827419
2.21241370759038e-09
4.00519169131625e-05
1.38490784150748e-06
1.26668597097262e-12
1.13619464519025e-11
1.22312637278828e-05
0.00111447179381219
0.00282690252228546
1.54774161696426e-10
1.93241465270561e-10
1.88690228816936e-10
0.000426164837390059
5.47133999669174e-16
2.32600977048702e-05
2.09808002742117e-05
4.3208202047671e-06
5.86922689211186e-05
1.11839879452866e-05
0.00012286805346141
4.02732277846115e-10
0.000204624617776148
0.00543319636193089
1.37859303686225e-05
1.99214118838962e-10
4.62931816892793e-05
2.47391733441736e-05
5.4851249158817e-05
0.0010161222500835
7.60869044965324e-06
0.00128025578494384
0.000180645538972588
7.29319738455785e-05
2.88929421492288e-06
1.31627541447162e-06
2.751256813817e-06
6.79190992533904e-10
9.29460440900645e-05
2.41144875657515e-07
5.78239090774913e-09
0.00736142772074195
0.000239641802891919
5.83365923415882e-11
8.63968650312266e-06
0.00282575963580913
1.35395112345904e-12
2.3474885212022e-06
2.486790253465e-05
7.03749274203043e-12
1.15193449958205e-06
0.00322530797747092
0.00176279136154908
1.81143425560493e-09
3.44788926037026e-08
1.66250744375312e-05
2.74022573220977e-11
7.88364429010981e-06
2.03784766112863e-06
0.00100777434011158
0.000214772337397172
0.000196178020552813
0.000663450917322805
7.15978556094765e-05
0.00855220035997803
9.73989053170544e-11
0.00159067352544808
0.00070142935565373
0.00312466414092181
5.16517815209138e-05
4.89329213831325e-10
0.00117552791875199
6.03989304922731e-07
1.27742318469575e-07
0.000542061584227021
4.69630885303559e-05
5.43916288382935e-09
1.81892568402838e-08
5.05583784082956e-09
6.12425429244743e-07
3.97429314819118e-08
6.50830496382836e-05
7.37871673793246e-09
2.16445495097949e-09
0.000379398215683219
2.37020502730102e-09
0.0054151578115207
1.19396245437954e-10
0.00356903267887736
9.22691421906406e-05
1.81840103075707e-07
1.99451457189886e-05
0.00320456208407745
9.98520304727016e-10
0.0012017681972512
1.72674637419511e-07
2.97840316392017e-05
5.06789740954196e-07
4.10995711920567e-06
8.51126319690334e-07
2.92714875777598e-10
6.49277913348647e-05
2.32776988592854e-14
1.70902905086588e-08
0.00018562945825566
1.30003175197704e-06
1.55233355063491e-08
7.01628762948166e-07
0.000792931177733765
3.02625525032073e-07
2.83984137037456e-06
0.000142910802008872
7.68816331034787e-09
1.91084433111511e-07
7.56970996359049e-07
0.00763554662874173
9.06632174786915e-05
1.00164170685673e-09
2.5127783927279e-07
5.66596356532255e-05
6.6450626702308e-05
3.40798321203398e-08
5.58667649751653e-05
1.88691398553178e-07
4.28762343339984e-05
3.45055857875612e-05
0.0072679959462309
0.000426665471883183
0.00016316213237549
0.00732960612576532
1.28651557829426e-06
0.000220702263228807
0.000199183423404693
7.95344564976109e-06
0.00257975649645487
0.00132200089925308
0.000613130781577291
0.00290847148090899
2.80975008484004e-05
0.000192492481619557
0.000388308969990873
4.0673470950211e-05
0.00039515486844666
1.98159929509398e-09
0.00282208055800377
2.21528260183094e-07
0.00247433150869455
1.13186487602197e-06
1.06202577314714e-08
4.74215241861865e-05
1.43725378129441e-06
9.26738128016331e-09
8.53019372907211e-06
3.52766497101815e-06
0.000755181704968216
1.74110920218025e-06
0.00552662628975845
0.000358156996449442
1.04950904764247e-07
6.42044168391157e-10
2.25048707573547e-05
0.000695564704587091
0.00306145503559035
2.37292619687225e-05
4.72576238013885e-08
0.000222203870065115
1.33015769001772e-05
2.30569691322446e-09
1.12305467708823e-07
5.25007571826534e-08
6.19094928826189e-09
3.87208272526102e-06
3.26641371205211e-10
0.00122905108260378
0.00058870044952197
1.12582346018212e-06
0.00024476841337388
0.00762372032587235
0.00239274097270682
1.1195909141532e-06
0.00240314724545483
2.49877677717519e-14
0.000579388458037822
0.00760506912512761
0.00793590504890925
0.000857205531501642
6.12788952195478e-06
7.56192878942338e-09
0.00139567916084107
9.97346895178815e-06
4.16665224243164e-10
0.00326033606646623
0.00385203456439599
0.000377996410552636
0.00753665222166157
0.000101357774880853
7.93597626133453e-05
1.40572356655471e-05
7.99524371982572e-05
1.16086341677854e-07
0.00203473939783763
0.000841648843544044
0.00173667761193442
0.00499737607584523
0.00245021146225582
0.00193692717501466
0.000430675677768831
3.38237819307668e-07
0.000159368966144309
6.72276751946021e-05
0.00050851892118555
7.55691927990501e-05
0.000445229920208676
3.89841440266705e-05
0.000191389316907744
9.98623105129175e-05
0.000919115914930469
0.000807420754732929
3.31548825575384e-05
0.000547800802047426
2.8085141505943e-07
0.000386991762135172
8.51665237878723e-06
2.56380261114365e-05
0.000545119214399888
0.00161231577985309
2.48102479952185e-06
0.000107466408636843
0.00040329703747578
3.52577872396747e-08
3.05309454015742e-11
9.87682874994942e-07
7.11962968971575e-05
0.0021403904056215
6.00768834351604e-05
2.68656855794463e-06
0.000483836214161184
5.67855880532464e-07
0.000314425184642375
0.00420645191742697
0.00405285419983043
4.2178628832518e-09
5.46538504458091e-05
0.00183844964624347
1.97142582527836e-05
3.46558103048347e-07
1.19997909110328e-06
1.09864340385471e-06
0.00860536446917381
0.000728361783278607
1.16593949106627e-07
0.000331690540989327
1.62280851532328e-08
9.22691421906406e-05
0.000119009758482565
5.38982621167359e-05
0.000696439415149362
0.000200040074997295
0.00245704611633295
8.84190787188112e-07
1.23072724115676e-09
1.22037688621198e-05
0.00121260929278354
1.15963837879735e-05
1.98615404155167e-05
0.00139637784457562
0.00203605509703858
0.000603587683195211
2.85566779981274e-07
2.55887078123161e-09
0.000888720785069942
8.27069138773297e-10
2.8109716697469e-05
3.25231101824028e-08
4.99639362896242e-09
2.90392297266059e-05
0.0025983321192996
6.10161787842979e-05
0.00204356678172629
0.000763052758509867
0.000672019592888576
0.000135485761817539
3.24897182735389e-11
0.000818251051234897
0.00444710206661552
3.11107129885103e-05
4.00824191063125e-07
0.00017715051413599
0.00674465230790673
4.34184984955251e-09
0.00232395683831902
7.34892254904184e-08
6.20249579427209e-06
0.00494689421223084
0.00204051214153475
0.000147174059013893
2.4035755971527e-08
1.74150303308826e-06
9.10925480962889e-07
2.93399249393708e-07
0.00681234150305244
2.90295021182471e-06
2.36331309312206e-05
5.21840094727673e-05
0.000578681895329032
0.000162916257076888
0.000669952372656092
0.00240506091368447
2.22294668373044e-06
2.19471207367467e-07
0.00205335743727508
0.00022758081869303
0.000133163099038814
0.000420551706376333
1.72495127607169e-05
8.1208930230094e-05
0.00395767999970779
2.59595063450385e-05
3.31548825575384e-05
4.74519078279377e-07
5.96437821435858e-05
2.71848259206824e-10
1.78126316725566e-05
0.00132651081355413
0.00131423791122794
1.81774579302813e-08
4.402657402949e-09
2.30598646597541e-08
4.99780330291503e-05
0.000229159525274289
5.98551577379504e-08
2.72501387970719e-05
0.000303157346369972
0.00744168385621287
6.53293516750602e-07
0.00011334077951934
0.000201374127122047
6.45555043995096e-05
0.000707518834936536
6.42456619184282e-05
0.000503710381768723
5.84124419763172e-05
0.00704587552576746
0.005875340030533
0.000211162540555963
5.28289785960175e-07
0.000370921510563412
3.62375004495121e-06
1.74110920218025e-06
0.000122574217401191
0.00202056792562704
5.11182155470614e-06
0.000548746862505942
1.59127615795788e-06
8.90856978919017e-05
0.000413776516914477
0.00619545966690274
1.027321133494e-05
0.000261075320657228
4.15036064623381e-06
1.27066451833988e-05
0.000337756955461443
4.71152512241469e-06
0.00327061183424891
3.69935771429324e-07
9.73884924329176e-05
0.000218014320829581
0.00322717303938782
1.62255599196473e-07
3.21068572265527e-07
0.000588051977073385
0.000274339941058731
1.78175685018352e-05
0.000392695611073461
3.05468945283257e-05
0.00233155727025394
0.00714373555656337
8.90113180986379e-05
0.000713341580869133
8.0433524140507e-08
0.000349587373946189
0.000730860083296862
1.90800597536916e-06
0.000117934959470488
4.21931587393843e-08
0.000463432070352676
4.51155962334221e-05
0.000348366960110445
0.00396270903686157
0.00118040473768086
0.00145538930981429
0.00310738527897787
0.000256836091397321
5.75314012230758e-05
0.00239340332183908
4.60256454572735e-08
0.00212039379455994
0.00315517174132435
0.000600367519833233
0.00205184656621016
1.24764141843999e-05
0.00100066952878258
0.000887298739108912
0.00393024415067733
5.25700695318888e-05
0.00361137266974651
0.000160629459588255
0.000115990238726398
0.0012017681972512
8.02717260681124e-06
1.30640901784189e-05
0.000632082766299227
0.00154309533674365
2.87428956538358e-05
0.0028523312149762
6.5984129791271e-07
0.00304446550779189
7.80934803422128e-06
0.000133083291130875
2.14148976281532e-06
0.00295755134148641
0.00328916028811218
1.39479242810499e-05
0.00104878199293349
0.00558678673478602
0.000326321066829176
1.10300829088393e-06
0.00406912289886118
0.00139541731073932
0.00492605809263046
2.39533821247538e-05
0.000182132296422692
7.75519337629112e-05
0.000360886449696878
0.00158024093381696
0.000110118781316516
0.000126779865651146
0.00756519047506248
3.13273632487075e-05
0.0067193016737736
0.000137087891277327
0.00034568700629151
0.000632875605300053
0.00894984217992736
0.00305260489378694
0.00619684284921653
0.00103333453089518
2.81007569120585e-05
0.00033602282374678
0.00780524398059987
0.00345678511390748
0.00245704611633295
5.09949932669599e-06
0.00153628558219716
0.00585330669236351
5.05583784082956e-09
4.71327592944907e-05
0.00681298245467216
0.00334528133404631
0.00819034336906698
0.000799623304527523
0.000434650168970213
1.2526720672369e-06
0.000198691167819301
0.000921019113505499
0.00348614093115821
0.000740669243516853
0.000147497539301684
0.00859135525772748
7.01308900984556e-06
0.00623969358255449
1.2872519558441e-05
0.00349870234191111
2.91625183649795e-06
0.00098591879629327
3.4250161575539e-06
0.00121309766443798
0.00536018821323959
0.00350118187530601
9.94960521917598e-05
4.06338643485057e-05
0.000112873657830889
0.000517666990140048
0.00333432533646145
0.00368499817227207
0.00123390040512131
0.000308933782871781
0.00421527021072498
9.46667871706625e-05
0.00213572118437486
0.00221980862178907
0.00115857277242992
0.000117934959470488
0.000110802790732168
0.00720362211409735
0.0046550464523119
0.00240844660035022
0.000922678177170755
3.60636791580251e-05
2.25804328584062e-05
0.002983266474362
0.000989126410519403
0.000116713529409752
0.000645905321875662
1.53913552081591e-06
3.17121014278901e-05
0.00060516485165847
0.00855926229749713
0.00901084457475597
0.00167823490256883
4.32752550253639e-05
0.000925861120119162
0.00729027997624432
5.96473659121458e-05
0.000661206235277286
2.93706704776564e-07
0.00121978945305086
0.000544481917052146
0.00220780740925842
0.005802202136322
0.000541881737301053
0.000299093307452297
2.20437534817694e-05
0.000164528724294547
0.00042488644665857
0.00624562135224314
0.000421695770369972
0.000921019113505499
0.00155607586157902
0.00161503098608015
0.000170907108390975
0.00209332598756103
0.00369577352362812
0.000145303745223176
7.53390170774685e-06
0.000155435332276367
0.00516388819335282
0.000225415110102226
0.00095495324454588
0.000485874403214063
2.11709643083487e-05
0.000161869830136705
0.000544582560075782
0.00177841781958298
0.00867541476531394
2.7046125600966e-05
0.00101202522629924
9.56286151776211e-08
0.00865786710717338
0.0082739479032988
0.00531588041821262
8.66906094631161e-08
0.00704587552576746
0.00691469678420813
0.000861269999162949
0.000716510657437786
0.000384323385976701
0.000453061857587838
2.41720981328556e-05
0.00165390647027801
3.42945938695768e-06
0.0006277905838945
0.00545916092658892
0.00649974564012914
0.000688417709316071
0.000505775517048635
0.001282808763685
0.00104775916832301
0.00775537491164439
3.95893445641771e-06
0.00383799773368473
0.000318297682735603
0.00154446217378941
0.0030533139029188
0.00109737862837296
0.00476295288638917
0.00709967742170506
0.00164523689075628
0.00063204241252437
2.58349730768054e-06
9.09947210095455e-06
0.00266036738249136
6.44355250901253e-05
0.000141162115549741
0.00104064779025044
0.000567720544089976
0.00474552952712857
0.00011648752086789
1.91024107294679e-05
0.000102193382633398
0.000144585637679533
0.00521295208419507
0.00696887696504346
0.00204125902053518
0.000125323807195357
0.0057604712045955
1.69864322093415e-05
2.18242243085398e-06
7.05708777747885e-05
0.00167936539349132
6.40883638643196e-05
0.00165950238639898
0.00715847918899862
0.00113859763985476
0.000438392126033698
0.000102192349733491
0.000268338273106087
0.00539594514205303
0.00958698450794242
5.96574422192409e-05
0.00406341392561002
0.00787666556951582
0.00639717466868099
3.7576641390479e-05
0.00332885700329381
0.000540018058592648
0.00404355913118177
0.000991293666478178
0.000435188032187903
0.00325788066579452
1.59225482441585e-06
0.000162108318589589
0.00904068166489868
0.00341281866506737
0.00500666427285361
0.00788642154212882
2.27493189024353e-06
0.00030307481004368
0.00303411760159463
0.00301541320767911
0.000578169679119679
0.00904068166489868
1.11590337859444e-05
0.000152522026961213
0.000710044635006431
0.000449440689919342
0.000149553634398244
0.000438695934821175
0.00226831458407379
0.00515218138206282
0.00099317424520894
0.0015521538702708
1.02253826404084e-05
0.00291956345454682
0.00900623978003026
0.00772749664350298
7.39912241484909e-05
0.0014911760436718
0.00324834378791089
0.00223117200564364
0.00388347648058879
0.00231760442396286
0.00776929395470246
0.000970892629051886
0.00883064530235521
0.00133052280994579
5.05772644449946e-06
0.000482833397677546
0.00183168818368036
0.00206343741165375
1.18029763427322e-05
0.00248708336406398
0.000388130093313751
0.000874467029680966
0.00108122480410359
0.00286588446554275
0.00297549957809238
0.000105166457162017
0.000694804670598245
0.000588051977073385
7.8010885265178e-06
0.000887298739108912
3.07651680585967e-07
0.000209042813889708
0.00624562135224314
0.0021361219368039
0.00123390040512131
0.00113725150039311
0.00143160176837726
0.000644810690175894
0.000362232273549215
0.00253072612075444
0.000473782807784427
0.00410696021433163
0.00111447179381219
0.000186600604254066
0.00704683827284011
3.05116310605329e-05
0.00749628621546325
0.00472258314093176
0.00192748675271119
0.00177405738821576
0.000320231274317075
0.000507195288788747
0.00511141576770504
0.000637007440815908
0.00490183292947887
0.00773612105157379
0.00468902198819336
0.00263765371112574
0.00289962264055121
2.85820496788154e-05
0.00472642152172379
0.00748361296905202
0.00116652045487694
1.30457953745684e-06
0.00356952797785955
0.00691219089177358
0.000326478564778797
0.000686046235724701
3.26023088555004e-06
0.000262766473246006
0.00474707696411271
0.00359255921893479
0.00290968053447145
0.00495635011388535
0.000413471207906043
0.000210981968809089
0.00278535604536643
0.00406260362762408
0.00308536043976889
0.000942594205395679
0.00991077074012989
0.0002947355148541
0.00334437821205627
0.000130732200762428
0.00326033606646623
0.00747754246873193
0.00923576652988439
0.00167686928985323
0.00256990965804685
0.00184448837762285
0.00809887646198268
1.78466472126175e-05
0.0010618785310116
0.000343636010880291
0.00359434400989915
0.00159067352544808
0.00174961833434018
0.00885948556713862
0.00512860407002375
0.0015562858618679
0.00815337141547621
0.0067686152648028
0.00123390040512131
0.000174795535260058
9.63649679526548e-06
0.00179185494255104
0.000986129217743817
0.00312299572177761
0.00181976820916507
0.0014675312643627
0.00838833693382225
0.00175460939446854
0.000128830068333751
0.00199688897843473
0.000156392176824859
4.91763917361756e-06
0.00333076779742619
0.000640840932668085
0.00139821077162351
0.00143234366181976
0.000915259774500676
0.00301417907610802
0.00208309791861187
0.00466647260353996
0.00711327667530577
0.000861269999162949
0.00399904325980035
0.00832205030536499
0.0094508357490658
0.000139026700220059
0.00375262036133665
0.0015029750749998
0.00602983458285227
0.00165950238639898
0.00906851909749494
0.000602021357530791
0.00190046581929373
0.00206769536253563
0.00105624178525657
4.85404012437888e-08
0.000714435471262749
0.000411764060916008
0.00167823490256883
0.00930348098208268
0.00411795798477767
0.00828661416429878
0.0063871836858005
0.00063249715169152
0.00965767529806704
0.00548575918065693
0.00809949540302871
0.00372537127370639
0.00393918737126287
0.00253613451069349
0.00718931473703804
0.00799997904149612
0.00633986056003688
0.000175776591247489
0.00276859751442953
0.0038047808989693
0.00673227354587711
0.00961967797915916
0.00478175559958868
0.00102697301183441
0.00871512000145828
0.00586270910421149
0.00463312224188236
0.00258348729860664
4.08992010575768e-05
0.00977564321790777
0.00784958568341161
0.0054151578115207
0.00172906727255026
0.00228762383961649
0.00844993213604593
0.00280190070725188
0.00970747784167665
0.0090462642736191
0.000566262724224033
0.00217525028706359
0.00992298827841278
0.00652198789012066
0.00314761873124108
0.000410767981253298
0.00663373466720709
0.00458842122086917
0.00273082082095402
0.00687260923937689
0.00176868662037626
0.000522163323524172
0.00770338481509191
0.00281407242165329
0.00900623978003026
0.00920967227328496
0.00834057586102275
0.0037774772960009
0.00746750501888158
0.00287953868901693
0.00232395683831902
0.000943590096402707
0.00843802255665578
