	symbol	baseMean	log2FoldChange	lfcSE	pvalue	padj	ensgene
1	FO538757.1	24.5332517378119	-0.465461977800388	0.214721622978358	0.000353210652854521	0.00894507666741518	NA
2	SDC3	272.379623077636	0.698553934765599	0.391113150473796	0.000101655130320342	0.0041428375418244	ENSG00000162512
3	SESN2	3123.53998278009	-0.797372870716871	0.3002266320045	3.80632343736646e-06	0.000542595344233444	ENSG00000130766
4	RRAGC	382.571907870584	-0.517439069108549	0.180910713092882	3.02128396852405e-05	0.00198590108345048	ENSG00000116954
5	C1orf216	147.815141646697	-0.43456341519899	0.183948214946706	0.000399171323569265	0.00963028083911642	ENSG00000142686
6	AK4	819.394390541987	-0.44485465255731	0.179083042275927	0.000260974834391003	0.0073544929393805	ENSG00000162433
7	CACHD1	27.5667464184686	-0.835169268860064	0.439798062245087	4.71557259667249e-05	0.00264651521368335	ENSG00000158966
8	LMO4	794.659260579336	-0.51972063132646	0.139866586390157	1.84764132999945e-06	0.000359882491409452	ENSG00000143013
9	DNTTIP2	2916.62581007684	-0.396818795324742	0.118112526959238	5.32737221602277e-05	0.00275183258052532	ENSG00000067334
10	VAV3	1734.78465197863	-0.445322671646202	0.116829869189174	4.91855402540271e-06	0.00063868870653391	ENSG00000134215
11	GCLM	1215.34177410197	-0.480287978415671	0.20743202848961	0.000209338962561229	0.00646315748047429	ENSG00000023909
12	PHTF1	380.3806687671	-0.344056835062312	0.107252760780733	0.000185812282687551	0.00604852550092402	ENSG00000116793
13	AL160408.1	113.771704725666	0.593767528578626	0.33335297112094	0.000191485601170177	0.00613136045575397	NA
14	TATDN3	217.234196696591	0.355756366731118	0.112027339807816	0.000176048714629512	0.00584402312097216	ENSG00000203705
15	RAB29	296.764540358892	0.397248592998269	0.129370049932961	0.000131400659407702	0.00487507488474793	ENSG00000117280
16	PHGDH	238.831782241293	-1.1961508398979	0.305564514418614	8.66404072505114e-08	3.82517398011008e-05	ENSG00000092621
17	FNDC10	44.7145156687534	0.420994521099043	0.169111747383854	0.000387635563151295	0.00943792837121122	ENSG00000228594
18	AKR1A1	1011.65779130672	0.325324736034564	0.0968268112749978	0.000141521070207509	0.00518496102039622	ENSG00000117448
19	GBP4	1518.93222005769	1.32643324544756	0.522401662218651	6.23696145443786e-06	0.000750986858763904	ENSG00000162654
20	SLC16A1	302.119500171217	-0.417746449362005	0.166816567374003	0.000397065649641864	0.00959696082026732	ENSG00000155380
21	TTC39A	72.6304391139175	0.496734675477416	0.237835730072359	0.000263511831312898	0.00739452162232909	ENSG00000085831
22	ZFYVE9	64.9821037366487	-1.17308586346631	0.325459203157719	2.27765960918159e-07	7.54190038090256e-05	ENSG00000157077
23	TNFRSF14	1096.32798524968	0.440675767080375	0.146544405972311	7.66273777060322e-05	0.00352406117262638	ENSG00000157873
24	MR1	838.678831215206	0.392867771293786	0.129466159993685	0.000156588618451142	0.00550942444881208	ENSG00000153029
25	SIPA1L2	1135.38184337434	-0.468252295419191	0.175792519811007	0.00011618115076439	0.00451836433787479	ENSG00000116991
26	PMVK	277.514962024679	0.416137219153147	0.134427137678076	8.99181147966792e-05	0.00387936622306845	ENSG00000163344
27	CCNL2	280.31470132112	-0.395333800328203	0.137584015094013	0.000236842662205713	0.00694140144206775	ENSG00000221978
28	AC099063.4	13.9014441695045	1.49220233313965	0.805477314429927	1.78521781909301e-05	0.00142441024180042	NA
29	GBP5	666.37807877319	0.645571656274357	0.455177266850581	0.000330232371064455	0.00853406668795025	ENSG00000154451
30	AIM2	399.678590255393	0.62067580078322	0.420410146274536	0.000330538030269421	0.00853406668795025	ENSG00000163568
31	YARS	1672.21973166823	-0.467481685355732	0.172856721908246	0.000106567300232701	0.00427722391388522	NA
32	SFPQ	8811.82432927859	-0.3877955627038	0.136626495755383	0.000293655641495381	0.00793769177878841	ENSG00000116560
33	UBE2J2	823.459909476641	-0.323872138664465	0.0824638867019441	1.71127852456919e-05	0.00141613943968504	ENSG00000160087
34	ACADM	259.866545251862	0.43389394900819	0.103383416892688	1.26064503751242e-06	0.000269310379384709	ENSG00000117054
35	ago-03	629.509794428403	-0.289490836447599	0.0817399943515051	0.000110053626316325	0.004338274644523	NA
36	AL359265.3	65.258162754174	-0.555545137361524	0.224251988978471	4.7784447678784e-05	0.0026595439879811	NA
37	CEP170	1415.28807122045	-0.397159000778905	0.130841769543329	0.000145938155880215	0.00531030460064136	ENSG00000143702
38	RIT1	2920.24261674693	-0.609316342736945	0.194196037033574	2.96832861314495e-06	0.000473680873266324	ENSG00000143622
39	KDM5B	1410.55571361971	-0.448489147717416	0.143775732814117	4.83889774105289e-05	0.00267046669084356	ENSG00000117139
40	FAM20B	501.103100794888	0.339138516967065	0.106469853663887	0.00021317620770548	0.00653592331263675	ENSG00000116199
41	CLIC4	4123.66504931404	-0.589234338326488	0.209172086440227	1.13031509514192e-05	0.00104692471574508	ENSG00000169504
42	PTBP2	487.20047098982	-0.389387963815308	0.121718349258516	0.000100307877561788	0.00411324408144236	ENSG00000117569
43	PUSL1	32.0495201228149	0.441417519159105	0.185215123206619	0.000341279220664977	0.00874321717158148	ENSG00000169972
44	IFFO2	2017.15392716946	0.448791503361851	0.164287782669576	0.000137687434507847	0.00507986091937726	ENSG00000169991
45	ST6GALNAC3	1300.28703044569	-1.07893076428972	0.23675143085887	2.99231433438414e-09	3.9633203358918e-06	ENSG00000184005
46	GBP1P1	13.1281165968624	0.724041439799998	0.761105630930832	0.000364968792032484	0.00910834774770352	ENSG00000290525
47	C1orf122	358.792052740363	-0.450226065642024	0.161607425696988	0.000117277706770427	0.00452869745240321	ENSG00000197982
48	MTF1	8602.26179457631	-0.363756552724036	0.10692059856433	7.45598956645905e-05	0.00346507304588597	ENSG00000188786
49	SUCO	863.332675164576	0.333824936690563	0.0943664352655947	6.81053127132879e-05	0.00324480167945144	ENSG00000094975
50	KIAA0040	601.947578915699	0.407885509434329	0.138710353909286	0.00016062972060419	0.00555493642141646	ENSG00000235750
51	RBBP5	296.207634656773	-0.46296003702031	0.116874911218526	2.0470099977144e-06	0.000381868273517286	ENSG00000117222
52	SDHB	1085.32950626803	0.32042302099844	0.100809683856339	0.000275568714510097	0.00761984890122388	ENSG00000117118
53	MIR29B2CHG	613.609867214003	0.723645698428305	0.22712144731198	6.85918600582728e-07	0.000181699837294365	NA
54	PPP4R3B	1287.04366327604	-0.268246718462304	0.0704784635672965	4.89192978190112e-05	0.00267764511339551	ENSG00000275052
55	ADD2	38.9389194646653	0.829264963629572	0.656429315524853	0.000217718312987548	0.00658438104010005	ENSG00000075340
56	KCMF1	1460.5217940637	-0.29751598575976	0.0734259643129618	1.35702478283531e-05	0.00122270702371794	ENSG00000176407
57	KRCC1	542.40250205408	-0.356216781831381	0.111104704310704	0.000158670993150383	0.00551600342329876	ENSG00000172086
58	NEURL3	107.362749773371	1.27824785607321	0.517747778300808	7.4321158122103e-06	0.000849246398297941	ENSG00000163121
59	GALM	122.281376507504	0.416784728863424	0.146144712507969	0.000175936329559499	0.00584402312097216	ENSG00000143891
60	HS6ST1	472.93293840882	-0.299658370662913	0.0891509320837455	0.000188862406230524	0.00609814598879047	ENSG00000136720
61	SOWAHC	180.646418855638	-0.808746237950875	0.332557452798558	8.43105691169884e-06	0.000886264672979771	ENSG00000198142
62	sept-10	197.18710135532	-0.503821137447445	0.204257314973295	0.000103736104118743	0.00420178807049772	NA
63	CWC22	526.204136404824	-0.337203923461042	0.0954677673550256	6.66357434054853e-05	0.00319779138190454	ENSG00000163510
64	ARL4C	212.375078969219	0.719453676089456	0.414181790066387	0.000107015345438135	0.00427909156423992	ENSG00000188042
65	PIKFYVE	1081.19128666344	-0.281841262172803	0.0846069520053794	0.000252437954159179	0.00723710108839466	ENSG00000115020
66	SGPP2	5168.15322328551	-0.638845953482013	0.290631030309272	4.33765139530625e-05	0.00251786230443371	ENSG00000163082
67	STEAP3	33.3779914402707	-1.00482190880079	0.302209091529079	3.1840156192917e-07	9.58461065398148e-05	ENSG00000115107
68	TLK1	1223.49125836047	-0.307123622735948	0.0972067886790553	0.000342895710087059	0.00876767119711021	ENSG00000198586
69	ZNF804A	755.450406452499	-0.401128023860137	0.143989389469252	0.000271285436670182	0.00751710378388402	ENSG00000170396
70	CCL20	7077.07540898402	-0.512218429903044	0.277886187889046	0.000355747997498004	0.00899214165431502	ENSG00000115009
71	GIGYF2	745.983629129008	-0.31051625325351	0.0789892195617349	1.95334442711586e-05	0.00152188511394998	ENSG00000204120
72	DHX57	612.995233625132	0.476987542306358	0.194096481747501	0.000162057373623906	0.00558121436148271	ENSG00000163214
73	RNF25	100.048057033816	-0.364767729446065	0.122420520450516	0.000281595619123758	0.00774502327311588	ENSG00000163481
74	DNPEP	384.857153947104	0.613878488134297	0.138460505682146	1.54547835718703e-08	1.27936630255889e-05	ENSG00000123992
75	FN1	562.035677189563	-1.69143105656443	0.784726659412645	7.8349685088208e-06	0.000854211275906905	ENSG00000115414
76	OTOF	418.491424612433	0.806067466062128	0.898744909318718	0.000200825610616794	0.00628600947733766	ENSG00000115155
77	AC013270.1	31.9886644474781	0.786812117843555	0.557266631240121	0.000193706315101197	0.00615261425303443	NA
78	DCAF17	126.465941052999	0.419290450705964	0.11377012619762	1.2015268469089e-05	0.00110515438106308	ENSG00000115827
79	AC019186.1	27.3544891347308	-0.680662595550083	0.3418626699794	6.09789262253217e-05	0.00299135510316439	NA
80	ACVR1	1540.94227447171	-0.558168036199145	0.148106837951253	7.32693166602165e-07	0.000190284725326386	ENSG00000115170
81	IRS1	82.7342178168596	-0.529518392995445	0.301255045373864	0.00035248262939936	0.00894374028044928	ENSG00000169047
82	SP3	3990.08496994609	-0.289859422589104	0.0859471036578618	0.000201391396975409	0.00628600947733766	ENSG00000172845
83	IL1R2	1980.31836500191	-1.31650634061166	0.673657928194106	2.1625492184505e-05	0.0015824842209048	ENSG00000115590
84	CBWD2	224.852375199709	0.403035039429824	0.130552892461519	0.000114108533005505	0.00445831126742748	NA
85	CUL3	1594.8167553163	-0.282569890602395	0.0835007147277031	0.000208266704208657	0.00644507592813939	ENSG00000036257
86	MYO7B	158.785070014232	0.667762225572025	0.323188273865257	5.24909364652561e-05	0.00274851214355764	ENSG00000169994
87	COX5B	1281.63047570605	0.370189217824668	0.126206067598427	0.000297007719770185	0.00797944675122942	ENSG00000135940
88	GPBAR1	272.772036716455	0.733861510057588	0.3161650970353	1.60972984595339e-05	0.00135801731271673	ENSG00000179921
89	VAMP5	800.140676512592	0.966564638776051	0.309032673821342	6.10579625623178e-07	0.000168481815445396	ENSG00000168899
90	RUFY4	48.9416758658507	1.46745709109407	0.4637372670427	1.44919318604113e-06	0.000304675615065314	ENSG00000188282
91	INPP1	349.033684223335	-0.6627256911312	0.177346629309792	1.38967858401772e-07	5.51674968925344e-05	ENSG00000151689
92	GTDC1	490.795672395942	-0.328324218821593	0.0984363583740551	0.000148412123399292	0.00535618140169924	ENSG00000121964
93	ST3GAL5	365.3821978487	0.982937526355722	0.220624134975985	2.12271969947463e-09	3.1239358243935e-06	ENSG00000115525
94	AMMECR1L	446.480746843851	-0.446139164620746	0.109799011562812	1.80417682007712e-06	0.000357938548730684	ENSG00000144233
95	PUM2	1978.33726953949	-0.308896881662106	0.0877515535439299	9.6935848818473e-05	0.00408890228535247	ENSG00000055917
96	LBX2-AS1	180.792609143637	-0.510879052904376	0.200746562817125	7.69332887400755e-05	0.00352588722962734	ENSG00000257702
97	CYP1B1	4954.5832131211	-0.469853277778686	0.213480508619169	0.000309984878169367	0.00819510920429794	ENSG00000138061
98	OXSR1	4054.65913380897	-0.371768758596463	0.104899603277047	4.05713519317124e-05	0.00241551152173467	ENSG00000172939
99	GBE1	886.176945896819	-0.363400011875064	0.125123728799469	0.000356530116731682	0.00899474551640214	ENSG00000114480
100	PLA1A	59.5843750207145	0.61753168451263	0.300757538280048	7.80846851698467e-05	0.00356087895018142	ENSG00000144837
101	TNFSF10	1016.33732509212	0.773395299270024	0.397673267225836	4.77894653936959e-05	0.0026595439879811	ENSG00000121858
102	LRCH3	900.708471730019	-0.335183018813046	0.111221206668094	0.000383866896372669	0.00938519377423066	ENSG00000186001
103	CNBP	3436.70622048293	0.436860031793894	0.102595811950506	9.26815254698009e-07	0.00021164944911164	ENSG00000169714
104	ZNF639	85.5676397964998	0.374885965705875	0.132854028697224	0.000375982819604286	0.00929607467426397	ENSG00000121864
105	TRANK1	754.783243015048	0.439242682091474	0.178695231887397	0.000303396573710976	0.00805308140040456	ENSG00000168016
106	LRRC58	479.162656469135	-0.374667088801399	0.122016977303087	0.000185862580511595	0.00604852550092402	ENSG00000163428
107	WDR82	1828.97328040186	-0.288830043085424	0.0772938158251713	5.29158623334994e-05	0.00274851214355764	ENSG00000164091
108	ZXDC	1375.0720433542	-0.481770219655557	0.0949415708863556	9.42058779956907e-09	8.91254895752088e-06	ENSG00000070476
109	POPDC2	233.625035556374	0.519017435807305	0.26754864204341	0.000270751539317418	0.00751710378388402	ENSG00000121577
110	PXK	1586.78748137224	-0.575756087077756	0.136007312569292	7.98661062048699e-08	3.77795205958394e-05	ENSG00000168297
111	PARP3	80.3826189687487	0.801615037102197	0.400137832961029	3.67571292441896e-05	0.00224353998543452	ENSG00000041880
112	RARRES1	32.2159252066279	-0.687689847545423	0.25642457892574	6.08860789992655e-06	0.000739849648023185	ENSG00000118849
113	PLD1	2428.72143096964	-0.464001382580877	0.17975855580271	0.000151820989575686	0.00545040189108979	ENSG00000075651
114	SETD5	1824.87535983797	-0.487671766025924	0.136285532205877	5.47606610459145e-06	0.000687175168150507	ENSG00000168137
115	TEX264	351.156856146303	0.407561761814845	0.144979338924043	0.000228387950127939	0.00679774921223495	ENSG00000164081
116	ATP13A3	11275.2254832367	-0.486878083523931	0.221591120603227	0.000242457669285705	0.00705791610920696	ENSG00000133657
117	RBM5	887.628370179377	-0.419201266979646	0.110348487640007	7.86815973277783e-06	0.000854211275906905	ENSG00000003756
118	CD86	1423.02230521123	0.474111804818437	0.167562805063884	6.91246739704744e-05	0.00326984395263905	ENSG00000114013
119	DLG1	507.682080101035	-0.264006860760577	0.0782125350051064	0.000256246874523353	0.00731463330401252	ENSG00000075711
120	SLC25A38	53.3506137247042	0.437922943588842	0.167111813404481	0.000216726606375221	0.00658438104010005	ENSG00000144659
121	ZNF148	817.398850722848	-0.388302415281011	0.0964849688791408	5.09343013591349e-06	0.00065497555485606	ENSG00000163848
122	AC098614.4	145.236805092205	-0.524215574177527	0.241457693464736	0.000153744034335582	0.0054740315450935	NA
123	PDE12	866.071137622883	-0.348254186922558	0.097503587511664	5.02282821260749e-05	0.0026825548256446	ENSG00000174840
124	EIF1B	1567.9766178537	-0.520816939734998	0.214554320869719	8.82836447056527e-05	0.00383382581680777	ENSG00000114784
125	DCUN1D1	545.074773900347	-0.308971463413018	0.0896168804908293	0.000125731460368828	0.00473100338802591	ENSG00000043093
126	SEC24B	1168.05947935788	-0.296180683685614	0.079403521248959	5.04317406673866e-05	0.00268260403670496	ENSG00000138802
127	CEP170P1	22.8520789963162	-0.753280640568228	0.378185586465914	4.40195052484221e-05	0.00253494933484935	ENSG00000276725
128	SLC7A11	6347.10672148189	-0.610528579501502	0.278281669995262	5.59771325727487e-05	0.00285160431125406	ENSG00000151012
129	SLC7A11-AS1	111.640124604287	-1.01451427246892	0.461820864487872	1.57457537058938e-05	0.00134550005054557	ENSG00000250033
130	IL15	748.995053132701	0.716151210716446	0.314456542583526	2.03422591375927e-05	0.00154660894188908	ENSG00000164136
131	KLHL2	842.844070052162	-0.390357942630262	0.0969404509625399	4.9022270281775e-06	0.00063868870653391	ENSG00000109466
132	HPGD	60.1010295698354	-0.994810662491135	0.53322911043736	4.06688614078393e-05	0.00241551152173467	ENSG00000164120
133	REST	1190.25444047434	-0.502291390888567	0.166150969262482	2.47107936115568e-05	0.00173171672690513	ENSG00000084093
134	MAEA	1330.09260781288	-0.492406876276154	0.111746351973847	1.89345528759769e-07	6.77805818492742e-05	ENSG00000090316
135	G3BP2	1456.29427667258	0.268487033438062	0.0797544953934933	0.000253900846417789	0.00726331902981343	ENSG00000138757
136	PLAC8	4366.68018256693	0.579327383292663	0.243327588399694	4.60302511178232e-05	0.00261661234358613	ENSG00000145287
137	DCTD	431.36777094669	0.317907121758063	0.0981010623139739	0.00023154814328596	0.00685740713339085	ENSG00000129187
138	EPGN	26.1301669773431	-0.982139281899855	0.457612766209973	1.85478147402565e-05	0.00146229646568273	ENSG00000182585
139	KIAA0232	1343.2428979886	-0.475617301726303	0.144472440026116	1.76621219058761e-05	0.00142192214948506	ENSG00000170871
140	C4orf3	1080.05802088242	0.296373185379754	0.0866359621341001	0.000158599937497471	0.00551600342329876	ENSG00000164096
141	CXCL1	2604.19971753774	-0.792132054527152	0.42747803334729	6.00209505214255e-05	0.00298651859737369	ENSG00000163739
142	CXCL5	281.407130027769	-2.09895703396494	0.48886148218502	4.66689317083571e-08	2.80968182035086e-05	ENSG00000163735
143	CYP4V2	113.508959010242	0.460766744268459	0.170700190539654	0.000121178895513915	0.00462540193395334	ENSG00000145476
144	LAP3	1476.05463308145	0.65968407796584	0.337430787269607	7.65890000739247e-05	0.00352406117262638	ENSG00000002549
145	NFKB1	21942.8819211648	-0.432518238828051	0.178070920103583	0.000361360686483879	0.00905800110147233	ENSG00000109320
146	PGRMC2	123.607840725761	0.374123404758575	0.116058743203184	0.000116489078515103	0.00451836433787479	ENSG00000164040
147	CAMK2D	880.416420673184	0.481462985757187	0.210327232696775	0.000217282666584086	0.00658438104010005	ENSG00000145349
148	ACSL1	40451.7341079562	-0.566558337021491	0.216292518991311	2.7814238837214e-05	0.00188810390211968	ENSG00000151726
149	LINC02265	28.2682424276104	0.868939810683882	0.384222201835443	1.38481962119536e-05	0.00123931999207653	ENSG00000249241
150	ZFR	1779.28013420199	-0.373104612018967	0.0957017853791833	1.04282136808468e-05	0.001015600663256	ENSG00000056097
151	FBXO4	45.7027393856882	0.443026288688079	0.192428662102792	0.00038993520546915	0.00947649870906218	ENSG00000151876
152	LINC02100	38.8050684822835	1.18512588031402	0.446472223868224	4.444538636203e-06	0.000594625396328371	NA
153	RAI14	16.6519189940236	-1.93253084321214	0.489979640761277	1.68356465020446e-07	6.28911587763767e-05	ENSG00000039560
154	AC116347.1	63.2569941799619	1.41226769035247	0.286115052723251	5.87450021873185e-09	6.64346457778059e-06	NA
155	IL7R	1048.51369210716	-0.705125960058453	0.434464649890349	0.000154667993774863	0.00549216508726021	ENSG00000168685
156	PHAX	94.1799051220886	-0.408205352336133	0.156924054878584	0.000376906511130475	0.00929632540022932	ENSG00000164902
157	BASP1	8969.45229828817	-0.487454935281693	0.220170823023496	0.000232262893626951	0.00685740713339085	ENSG00000176788
158	LHFPL2	12018.0881961325	-0.429504618184018	0.141612188223548	8.62499208937808e-05	0.00378231232122706	ENSG00000145685
159	LSM11	42.5825196410979	-0.518494705023276	0.186291284117195	3.6687367316874e-05	0.00224353998543452	ENSG00000155858
160	RASA1	220.673999116837	-0.414282351581308	0.110455225695698	1.0190783983015e-05	0.00100729055115696	ENSG00000145715
161	TIGD6	35.8092403773806	-0.466602905517941	0.173240867499835	0.000111174751104485	0.00436946462426974	ENSG00000164296
162	RANBP3L	87.0063516310629	0.624744275255608	0.447990521298844	0.000385444169527514	0.00940185640035344	ENSG00000164188
163	TARS	2706.06017231096	-0.710420680582432	0.235637971618177	1.49086148092425e-06	0.000308538442419401	NA
164	SEC24A	2250.26388479905	-0.411709123841314	0.130296613474443	7.97204507297746e-05	0.00360374528981524	ENSG00000113615
165	ATOX1	394.299841965975	0.529413745838158	0.111436828686175	1.94598898262138e-08	1.43192355971223e-05	ENSG00000177556
166	NDUFAF2	338.139085515958	-0.431922066768722	0.129730814794637	3.3537142299686e-05	0.00211523547504448	ENSG00000164182
167	FBXW11	1271.31060019271	-0.322541912309406	0.10268652912567	0.000303052308642782	0.00805308140040456	ENSG00000072803
168	TNPO1	1801.47780355276	-0.33496163522407	0.106566638763107	0.000257469992215694	0.00731776657401137	ENSG00000083312
169	BRD9	399.913909454733	-0.342373548709933	0.0788398278935272	2.35823009704722e-06	0.000408422661811346	ENSG00000028310
170	SLC26A2	691.699227320725	-0.621575617759902	0.25359204478385	2.36548469944655e-05	0.00170276330674834	ENSG00000155850
171	AC022217.2	56.9981993429963	0.799811161301274	0.301372258400616	3.80984273414197e-06	0.000542595344233444	NA
172	AC008429.2	18.1311276342093	0.542737270374132	0.239138669072313	9.61858247572307e-05	0.00408890228535247	NA
173	NUDCD2	94.7700501005266	0.38952231987318	0.111666653638192	3.83368571029267e-05	0.00230805305603757	ENSG00000170584
174	HAVCR2	2481.04260682042	-0.456808268222473	0.136516988485511	2.07433354254504e-05	0.00155223433734514	ENSG00000135077
175	IL31RA	158.158689907767	0.504589777129126	0.2685289622812	0.000361772939424603	0.00905800110147233	ENSG00000164509
176	ADAMTS2	2063.09181784302	-0.803973216692082	0.613094641229818	0.000221168420797622	0.00667283766165035	ENSG00000087116
177	C5orf15	795.593009621225	0.39123034894254	0.109402622547312	2.73936598881362e-05	0.00187025270731115	ENSG00000113583
178	CSNK1A1P3	22.4194991045438	-0.57321273927601	0.24298010722009	5.25021102351838e-05	0.00274851214355764	NA
179	FBXO38	1285.23280974982	-0.32228034653442	0.105862068900951	0.000412188030912456	0.00985456763436006	ENSG00000145868
180	EBF1	367.982312428291	-0.636767517642066	0.324007686507421	8.63518534664236e-05	0.00378231232122706	ENSG00000164330
181	ETF1	6536.12202269436	-0.300878332434666	0.0837028561995551	8.03587380389377e-05	0.00361297604646984	ENSG00000120705
182	ABLIM3	12.5175750862633	-0.888083778125866	0.518552014203434	7.23206707938648e-05	0.00338704253232995	ENSG00000173210
183	RNF145	1595.5006835659	-0.455983501868089	0.159377771182409	8.73541195794986e-05	0.00380593853233703	ENSG00000145860
184	PANK3	1445.54116170889	-0.310996747159446	0.0991221348544652	0.000352000135447142	0.00894374028044928	ENSG00000120137
185	BMP6	152.877659717247	-0.60947087984127	0.320035016590483	0.000124317363297429	0.00469112101673631	ENSG00000153162
186	TPMT	608.313186939136	0.498733556883237	0.106624608922108	4.90941551793821e-08	2.81889200988403e-05	ENSG00000137364
187	KCTD20	2926.8769841461	-0.38980101265379	0.118237082390602	7.29030536641571e-05	0.00340000333021746	ENSG00000112078
188	DAAM2	29.7702854179916	-1.10169637561177	1.11186255189019	5.33953169645155e-05	0.00275183258052532	ENSG00000146122
189	ME1	1129.07011295945	-0.958203658085269	0.368917404205364	4.24185500677651e-06	0.000573299689436274	ENSG00000065833
190	CALHM6	28.5162376496802	2.08002290266164	0.433057640852306	7.72371084742561e-09	7.8692730903194e-06	ENSG00000188820
191	DSE	2038.99792280184	-0.365289108362168	0.108952411007067	8.63565869044299e-05	0.00378231232122706	ENSG00000111817
192	ULBP1	58.9997311011771	-0.490434394462874	0.253051220997306	0.000384052474566479	0.00938519377423066	ENSG00000111981
193	KATNA1	164.109183301622	-0.335974925461067	0.10111056971601	0.000140861829188665	0.0051825414655663	ENSG00000186625
194	SCAF8	1443.88980771054	-0.286568723508269	0.0765684654418829	5.28879624471537e-05	0.00274851214355764	ENSG00000213079
195	LYRM4	1358.61827642153	-0.475866222920508	0.207899493133761	0.000236882857819149	0.00694140144206775	ENSG00000214113
196	HLA-DMB	1334.58431337771	0.85992619853141	0.311005120833731	2.25856012168608e-06	0.000408422661811346	ENSG00000242574
197	BRPF3	943.970767601995	-0.516608733250837	0.147505682181202	4.17952046724652e-06	0.000573299689436274	ENSG00000096070
198	ETV7	147.52402056428	0.865512491099075	0.552597673986136	0.000109877578975101	0.004338274644523	ENSG00000010030
199	PNPLA1	1345.40827567877	-0.477092096705347	0.196119821510995	0.000170942869588313	0.00570311916296524	ENSG00000180316
200	PSMB9	1384.13396530637	1.27205301108126	0.244867732196871	9.6068081594891e-10	1.8177453438919e-06	ENSG00000240065
201	HLA-DRA	25067.1676512445	0.534240472281983	0.231924168183052	9.88732433543346e-05	0.00410525425776853	ENSG00000204287
202	PPARD	1331.35053874367	-0.508187574731523	0.163671538603772	1.74891128972738e-05	0.00142192214948506	ENSG00000112033
203	MICA	19.8881419132889	0.499816333235347	0.250716580667273	0.000306257679045648	0.00811276591791923	ENSG00000204520
204	HLA-DOA	77.7910889571462	1.01626789935364	0.544699682567985	3.95714356812211e-05	0.0023716002968225	ENSG00000204252
205	HLA-DPB1	2735.08250932838	1.14553300697377	0.361883769718881	8.87157189628754e-07	0.000206147315379524	ENSG00000223865
206	PFDN6	203.943637054913	0.394929995201247	0.0964589047921217	3.47770065486395e-06	0.000518177583962914	ENSG00000204220
207	ATXN1	7226.5835843059	-0.463852962636761	0.127919001130263	7.0851970272819e-06	0.000823581179149462	ENSG00000124788
208	ARHGAP18	765.092799549329	-0.398228275375059	0.107978222733108	1.64162435755575e-05	0.00136750406388843	ENSG00000146376
209	HLA-DPA1	6768.72329579196	1.23120021387091	0.386523957967661	1.03365997642008e-06	0.000232047904875999	ENSG00000231389
210	E2F3	3395.89019502399	-0.356849301399295	0.107254499373064	0.000105686022521843	0.00425474580030946	ENSG00000112242
211	AL591468.1	30.8586362840523	1.87287563255002	0.428633126597519	5.33493534159542e-08	2.81889200988403e-05	NA
212	PSMB8	2679.83687389563	0.529156234337103	0.174166844765095	1.47917706808449e-05	0.00127218832901163	ENSG00000204264
213	FGD2	2584.00927429306	0.532784719738119	0.143939944919314	1.52217790996645e-06	0.000310173021807779	ENSG00000146192
214	SNRPC	327.838746178612	0.313493548238844	0.0950821033821835	0.000201702833361156	0.00628600947733766	ENSG00000124562
215	AL356417.3	235.282131161935	0.907763527253461	0.48013964546163	4.26206142413125e-05	0.00248682835077614	NA
216	VEGFA	1211.45342461511	-0.536178248471331	0.234675892313031	0.000100857355218353	0.00412301132675025	ENSG00000112715
217	STXBP5	660.712759993383	-0.461853778169652	0.122923029704803	4.55468275530921e-06	0.000603267730940705	ENSG00000164506
218	C7orf50	290.828325107244	0.424117268767838	0.166353094002714	0.000322629072191688	0.00842327521893632	ENSG00000146540
219	IGF2BP3	74.0249673213714	0.869371992511518	0.424546448382641	2.79402313941455e-05	0.00188810390211968	ENSG00000136231
220	AMPH	563.040732896702	-0.800475843944715	0.374108399074175	2.36436951728238e-05	0.00170276330674834	ENSG00000078053
221	GRB10	1811.58674025146	-1.06840924470402	0.216554446782179	4.71769633625358e-10	1.04143146622798e-06	ENSG00000106070
222	AC003092.1	109.34729163607	-0.854880140792787	0.474766273368685	6.05754961500411e-05	0.00299135510316439	NA
223	TPST1	1449.44984143337	-0.534548148797676	0.287018464081717	0.000269167163027939	0.00750551384064223	ENSG00000169902
224	PNPLA8	5366.87498494722	-0.453625201546842	0.125053584695063	8.4218008884783e-06	0.000886264672979771	ENSG00000135241
225	ARMC10	200.395220769469	0.371008579762891	0.129750432115223	0.000360407800296874	0.00905800110147233	ENSG00000170632
226	GARS	3168.36590637618	-0.517494896912217	0.142397969298914	2.58958730856042e-06	0.000423445480270157	NA
227	AC006974.2	66.6603066767012	1.70757937114931	0.369650778836695	2.71500612085822e-08	1.79801280353836e-05	NA
228	AC073517.1	35.4434687128703	1.03407635104905	0.496055414809013	2.15991412370311e-05	0.0015824842209048	NA
229	CHST12	83.4570980405041	0.605835338227056	0.21790395187069	1.01714327462483e-05	0.00100729055115696	ENSG00000136213
230	NUB1	444.220615190174	0.763748204628915	0.205445639669894	5.32816815125467e-08	2.81889200988403e-05	ENSG00000013374
231	NT5C3A	572.521762521708	0.800975438989686	0.414484699694305	4.60106236416244e-05	0.00261661234358613	ENSG00000122643
232	PTPN12	5402.7676132174	-0.426670371887147	0.098348806315325	7.66298565911259e-07	0.000195185086644127	ENSG00000127947
233	RBM33	2016.82133738057	-0.225696779350907	0.0522897986813472	7.85782459109254e-06	0.000854211275906905	ENSG00000184863
234	AC005229.4	33.5643159231848	0.574589341052552	0.30047954558197	0.000162975741890252	0.00558988677673586	NA
235	CCL24	21.9458445270462	-0.820824986911398	0.520592673116054	0.000119938925617902	0.00461799729595672	ENSG00000106178
236	NCF1	1125.19012178156	0.463118501877082	0.193885340454255	0.000235733856900635	0.00693843318810868	ENSG00000158517
237	ZNF800	1278.83592594196	-0.292530824644135	0.0847615940990499	0.000148184618935938	0.00535618140169924	ENSG00000048405
238	AVL9	1385.4287505828	-0.409072127593333	0.130671629034985	9.09214511346716e-05	0.00390991759830755	ENSG00000105778
239	ZNF746	545.590353930704	-0.414319338715888	0.136035622182827	0.000107259977299181	0.00427909156423992	ENSG00000181220
240	CDK13	1087.70759870434	-0.244937631115038	0.0693305006545227	0.000170490967036485	0.00570311916296524	ENSG00000065883
241	CNOT4	1221.02296443667	-0.38971183085427	0.115029080796768	5.39454219232666e-05	0.00275871472345045	ENSG00000080802
242	GIMAP4	981.48122486716	0.94092798457718	0.36200741631294	4.17336487187305e-06	0.000573299689436274	ENSG00000133574
243	MET	315.319868088548	-0.630248600773801	0.403951063649446	0.000258660294477274	0.00731776657401137	ENSG00000105976
244	CXorf38	639.721540227791	0.34714653994528	0.10733615393764	0.000163750552614082	0.00558988677673586	ENSG00000185753
245	AMER1	56.8506344941235	0.54162118716473	0.218208516068652	5.71284082087812e-05	0.00289168844465985	ENSG00000184675
246	ZMYM3	82.3408093161885	0.687145438623959	0.316477619247309	3.37341682530976e-05	0.00211757847636151	ENSG00000147130
247	TLR8-AS1	21.7369480740375	0.73910047494823	0.41003484959331	8.23462537595933e-05	0.00368471665893856	ENSG00000233338
248	CLIC4P3	107.352535597223	-0.553830901092603	0.235451577903237	6.78620323445785e-05	0.00324480167945144	NA
249	MIR503HG	12.6685708187246	-0.852189818737137	0.706717012461111	0.000213162390297303	0.00653592331263675	NA
250	FIRRE	101.304377418944	0.644733068166425	0.266030795186202	2.06912886061762e-05	0.00155223433734514	ENSG00000213468
251	AC234772.2	15.6618102588978	-0.713631731313644	0.476927292243176	0.000205899384602905	0.00638673852240158	NA
252	FTX	927.380918956251	-0.379486265720329	0.123320475110375	0.000169520253130588	0.00570311916296524	ENSG00000230590
253	XIST	1715.55992536793	3.10942479273671	0.771395317438736	1.30530129353024e-08	1.1525810421872e-05	ENSG00000229807
254	LEPROTL1	454.205941766403	0.44887980646753	0.146939414938783	5.80049046274073e-05	0.00291427540832079	ENSG00000104660
255	PDP1	957.613140080286	0.469437671116852	0.192958212132787	0.000193456183179528	0.00615261425303443	ENSG00000164951
256	JRK	88.1007860212068	-0.557440215363864	0.192633465918994	1.42986526835588e-05	0.0012542096343956	ENSG00000234616
257	NSMCE2	1199.48437017987	-0.429476743927921	0.154170324559299	0.000168074672259521	0.00569347579047916	ENSG00000156831
258	TRPS1	3571.65299992392	-0.313689426921671	0.0877270747220529	7.49433557949378e-05	0.00347071590036347	ENSG00000104447
259	ARFGEF1	1848.70499243735	-0.286523427848274	0.0817033300787457	0.000128802098134778	0.00483281526854148	ENSG00000066777
260	POLB	143.066894021396	0.474004159780974	0.152911201798785	3.26720932606892e-05	0.00210068871474674	ENSG00000070501
261	ADAM9	2792.42557539918	-0.337503803393513	0.10190324015111	0.000143325278445181	0.00522959590359898	ENSG00000168615
262	GSDMD	715.024887458749	0.529268626891994	0.185222275751168	2.50018480784691e-05	0.00174289198841749	ENSG00000104518
263	AGPAT5	105.323363110487	0.500764790952328	0.200099728046116	9.98831231231803e-05	0.00411324408144236	ENSG00000155189
264	OSR2	204.686465554196	0.90210192628908	0.37148492748185	7.59688003738503e-06	0.000854211275906905	ENSG00000164920
265	ZNF704	33.0954986798438	-0.635450816836352	0.42667243899439	0.000296697541096973	0.00797944675122942	ENSG00000164684
266	EBAG9	107.918762263778	0.340567887745331	0.107335685042197	0.000217739440963671	0.00658438104010005	ENSG00000147654
267	FGFR1	252.74068270193	-0.574886169055597	0.272012169963029	9.83438553651507e-05	0.00409611435318057	ENSG00000077782
268	TMEM65	538.645625131915	-0.316132841308355	0.102886715990033	0.000406982115832347	0.00978308189509879	ENSG00000164983
269	ASPH	8286.49130706279	-0.469320525258669	0.174752942922663	0.000108137485183516	0.00428826644088523	ENSG00000198363
270	TNKS	762.201051190386	-0.343765100016967	0.0960627645199206	5.18590091622072e-05	0.00274749030541374	ENSG00000173273
271	PSAT1	199.31950414373	-1.52455954286748	0.351651929567693	6.34516369580805e-08	3.11265530188806e-05	ENSG00000135069
272	GOLM1	345.674527786005	0.568370127478541	0.266525128181045	0.00010030192615677	0.00411324408144236	ENSG00000135052
273	KLF4	3140.53245642761	0.543527422683729	0.191982565875113	2.1401554694692e-05	0.0015824842209048	ENSG00000136826
274	PBX3	524.670497068532	-0.33922285275594	0.106010427911479	0.000203127172879501	0.00631553850889435	ENSG00000167081
275	FAM129B	4815.44221095605	-0.407099544267805	0.122237746947443	5.00285675641069e-05	0.0026825548256446	NA
276	TOR4A	1595.70913517246	-0.448938123680355	0.130668241111103	1.77136394613087e-05	0.00142192214948506	ENSG00000198113
277	SLC31A2	669.494651064811	0.354282385559242	0.110757304617451	0.000166858761292057	0.00566678023926485	ENSG00000136867
278	SIGMAR1	213.388711562224	0.388606841360736	0.130552979230022	0.000197903405060826	0.00623529708753191	ENSG00000147955
279	GLIS3	625.776569842545	-0.593460132006747	0.381591096410287	0.000326079056755087	0.00845189257675369	ENSG00000107249
280	UBAP1	4745.56895803814	-0.267386333734766	0.0626321838056062	7.03341713192783e-06	0.000823581179149462	ENSG00000165006
281	IARS	1869.88214723409	-0.475474067311202	0.150469896049129	2.6623436253259e-05	0.00183660111028341	NA
282	IFNB1	202.71107175583	2.18834106313208	0.484509868487383	1.82938798179988e-08	1.42530845993761e-05	ENSG00000171855
283	KANK1	6253.64733605236	-0.98393182090437	0.362631587991335	2.8953742507875e-06	0.000467673560386347	ENSG00000107104
284	CD72	55.4884933574825	0.548351950828717	0.208325512137845	3.47595564233171e-05	0.00215919219884351	ENSG00000137101
285	FAM201A	12.5035702386248	-0.77143073199544	0.696532839006511	0.000311277227301864	0.00821288222233704	NA
286	VLDLR-AS1	14.9896781644119	-0.859035977901156	0.721938819233412	0.000210225077568852	0.00647542128464988	ENSG00000236404
287	KLHL9	736.528471519474	-0.467397347122174	0.122893578083784	3.48190298019625e-06	0.000518177583962914	ENSG00000198642
288	CD274	441.767217287546	0.713186998855	0.384581695357066	7.82344865611774e-05	0.00356087895018142	ENSG00000120217
289	ZBTB34	608.08469551018	-0.36214775960643	0.120330544482143	0.000267866939695491	0.00748501606807338	ENSG00000177125
290	B4GALT1-AS1	63.9003287770724	0.476859452422369	0.210494093800606	0.000244843869886802	0.00708133100767199	NA
291	ANKRD18A	54.9229963985468	-0.720439752706294	0.456345486991874	0.000163486155451696	0.00558988677673586	ENSG00000180071
292	MED17	22.9893624685852	-0.474702136276696	0.221068156126265	0.00031997044061833	0.00840874699601146	ENSG00000042429
293	GDPD5	232.442102388857	0.744872193467111	0.312492083399856	1.23502778963327e-05	0.00112813400508226	ENSG00000158555
294	RPS6KA4	1201.99954362712	0.345371814709006	0.117396796105531	0.000414113033961863	0.00988275159427904	ENSG00000162302
295	USP47	1177.93943667314	-0.325728019423837	0.107150604554253	0.00040019565022829	0.00963743888595217	ENSG00000170242
296	DRAP1	1105.96893208597	0.345778264438185	0.112579205030004	0.000279451853864047	0.00771112459256106	ENSG00000175550
297	EIF1AD	316.445784721202	-0.354172124184962	0.114036847696349	0.000224065515487016	0.00670797470003468	ENSG00000175376
298	TNKS1BP1	202.922256760121	-0.43076832857623	0.17045904837523	0.000302361558062995	0.00805308140040456	ENSG00000149115
299	CARS	1954.81979988479	-0.477954002835144	0.127922749710526	3.70479636009889e-06	0.000539231074609998	NA
300	RARRES3	475.975900123537	1.84087409020143	0.287638270456458	3.35746640120877e-12	2.22348212420051e-08	NA
301	COA4	141.083368946552	0.488443061108286	0.14484662787333	1.08362471067559e-05	0.00103256181963297	ENSG00000181924
302	UBE2L6	2497.09969247447	0.990855954615833	0.357729381628309	2.39545047368166e-06	0.000408422661811346	ENSG00000156587
303	SERPING1	812.500059119533	1.9668998175841	0.750745220378365	2.31463356953758e-06	0.000408422661811346	ENSG00000149131
304	UCP2	4371.38352313544	0.478585676924821	0.160070401800052	4.13214964472029e-05	0.00244331794840716	ENSG00000175567
305	TMEM126B	133.319218462775	0.522240757401226	0.185740341672341	3.19076882075468e-05	0.00206154795272662	ENSG00000171204
306	IFITM3	18.8007020352478	0.656029240676374	0.406648138018095	0.000198181240753822	0.00623529708753191	ENSG00000142089
307	RRP8	128.257356917263	-0.347978148798463	0.117314033902722	0.000372043363174296	0.00924524267400292	ENSG00000132275
308	PRDM10	288.733388422418	-0.309631758365954	0.0912845976585168	0.000151978550158319	0.00545040189108979	ENSG00000170325
309	DLAT	196.841197631965	0.425389245724453	0.12927124091075	4.23379433557202e-05	0.00248126575109077	ENSG00000150768
310	C2CD2L	412.134501294212	0.40553520566359	0.151582567003284	0.000331528355124135	0.00854298261404507	ENSG00000172375
311	KCNJ11	610.057372620007	-0.944729201784138	0.443469546462439	1.99015248282438e-05	0.00154149530029292	ENSG00000187486
312	AIP	680.280522450171	0.355692004446624	0.118604459062214	0.000303160035430098	0.00805308140040456	ENSG00000110711
313	TSG101	1509.11339155971	-0.362807701955759	0.114084489009284	0.000157282994043683	0.00551114618018145	ENSG00000074319
314	DYNC2H1	47.0720048948052	-0.539702275315033	0.307705277071904	0.000322108591586859	0.00842327521893632	ENSG00000187240
315	MYEOV	122.48586041251	0.716629618857665	0.280525589031384	7.82339431887004e-06	0.000854211275906905	ENSG00000172927
316	ORAOV1	147.836498729846	-0.377619302383274	0.129928321763166	0.000286136217622919	0.00781635945679012	NA
317	CARD16	1173.96346702267	0.401381639375286	0.103362861426524	7.43771855058974e-06	0.000849246398297941	ENSG00000204397
318	CASP1	4010.58764172877	0.338712567762233	0.0891857599045735	2.40838123701559e-05	0.00171500050990707	ENSG00000137752
319	NRIP3	2182.40226152932	-0.499588040885425	0.208627298114268	0.000130847585704726	0.00487507488474793	ENSG00000175352
320	MOB2	254.188123924348	-0.440861498451065	0.120603605235308	9.45064099043568e-06	0.000955524732200921	ENSG00000182208
321	C11orf86	15.3889502060993	-0.852674774216353	0.605342567119363	0.000159736565800899	0.00553850998437934	ENSG00000173237
322	AP002807.1	46.1176401610589	-0.556801637327342	0.301647338925026	0.000224358836701802	0.00670797470003468	NA
323	ACP2	461.041088307418	0.515277914140759	0.199841127125962	6.60604525613225e-05	0.00318171161518079	ENSG00000134575
324	SLC3A2	7564.70623059589	-0.459604820586899	0.136733759654851	1.88050222660316e-05	0.00147380189297981	ENSG00000168003
325	TIRAP	91.9070149268864	-0.408637475943614	0.118143014439569	3.17569071542352e-05	0.00206154795272662	ENSG00000150455
326	KMT5B	651.243857029162	-0.417346610584764	0.1109239322836	9.29704719327855e-06	0.000947226077499803	ENSG00000110066
327	FAR1	2014.56372124788	-0.298666970695205	0.0910065605161663	0.000250911856522916	0.00720895344825602	ENSG00000197601
328	TMPRSS13	38.6291150921048	0.564159029785188	0.251588666171972	7.94199194423949e-05	0.00360245490758397	ENSG00000137747
329	LMO2	912.012884769957	0.398625228623495	0.145851226706831	0.000323067105414847	0.00842327521893632	ENSG00000135363
330	ETS1	549.24574667187	-0.382758507551291	0.133059080415306	0.000286806394563986	0.00781635945679012	ENSG00000134954
331	C11orf80	144.228645753258	-0.452896677710366	0.118092847881639	3.96294738669787e-06	0.000558396150391631	ENSG00000173715
332	AP003774.3	42.853815589921	0.514202207288577	0.259245544095792	0.000261708505098945	0.0073595098726869	NA
333	ZFAND4	84.5404895985785	0.543284598110419	0.157799031206324	3.1336785462033e-06	0.000488300851111326	ENSG00000172671
334	NAMPTP1	5025.75462964463	-0.416363201382893	0.160632669740269	0.000335011539973587	0.00861597640184497	ENSG00000229644
335	AC025822.1	24.4479752358424	0.574227690645162	0.344886880922766	0.000291804212390318	0.0079037766730261	NA
336	OLAH	17.5090663480171	-0.90171734571996	0.70019052653546	0.000165687639463504	0.00564147245422649	ENSG00000152463
337	PPA1	598.320352012585	0.593969191747361	0.201805848213216	7.08858093039174e-06	0.000823581179149462	ENSG00000180817
338	DDIT4	9204.40436241157	-0.873648526738696	0.261490504370142	2.18984770952582e-07	7.43705972119729e-05	ENSG00000168209
339	TWNK	22.6669680139837	-0.84919707055595	0.520977097312366	9.76055922067988e-05	0.00409611435318057	ENSG00000107815
340	ECHS1	515.222138986408	0.363635626220533	0.120147917786565	0.00024929755004783	0.00718301228728085	ENSG00000127884
341	FAM107B	9266.65420425648	-0.457801751778764	0.141549815017548	2.9046392046112e-05	0.00194302758914522	ENSG00000065809
342	CSGALNACT2	6507.09189809924	-0.317643342905284	0.0980207472856667	0.000232301535441493	0.00685740713339085	ENSG00000169826
343	SIRT1	866.51273518421	-0.354267842357566	0.105614457660692	9.98168048659353e-05	0.00411324408144236	ENSG00000096717
344	ANKRD22	299.076399544877	2.13023344853781	0.361299182138988	2.76229253989564e-11	9.14664117272945e-08	ENSG00000152766
345	IL15RA	420.838075406772	0.563462781459827	0.309381739317497	0.000223381048551038	0.00670797470003468	ENSG00000134470
346	GOT1	127.186231272086	-0.470228516848339	0.154676666900749	4.15527945828862e-05	0.00244607450777923	ENSG00000120053
347	VTI1A	1055.18365013475	-0.368510754174375	0.0983526807515332	2.00338447065328e-05	0.00154272251824434	ENSG00000151532
348	ITGB1	4949.9372973127	-0.349155972017492	0.104165231380018	0.000107699413456407	0.00428371991360393	ENSG00000150093
349	R3HCC1L	1064.0776541803	-0.319511457279665	0.087502267095918	5.290045164133e-05	0.00274851214355764	ENSG00000166024
350	AL391684.1	16.6966961353148	-0.794099363411985	0.414836770328071	4.95519904575724e-05	0.00267884128004304	NA
351	RPARP-AS1	74.1405305376087	0.527632914946804	0.208074977005212	6.09502714144736e-05	0.00299135510316439	NA
352	BCAT1	2196.57825058441	-0.499013816193247	0.183575404656195	6.02038856548718e-05	0.00298651859737369	ENSG00000060982
353	STK38L	1405.2751947667	-0.427091173595031	0.139608849933417	8.33157328339555e-05	0.00370307678317363	ENSG00000211455
354	BCL2L14	96.7958289718915	1.04510339509493	0.59096128584704	4.81547522484537e-05	0.00266865980556807	ENSG00000121380
355	SLC38A1	673.882618990646	-0.794196852220004	0.248756939524608	4.55640493815407e-07	0.000128403368948618	ENSG00000111371
356	SLC38A2	7243.83918485406	-0.444321207019631	0.152312249047002	9.21888508258505e-05	0.0039388429973819	ENSG00000134294
357	LYZ	120510.997004992	0.376692690780056	0.12621576039777	0.000232463254276519	0.00685740713339085	ENSG00000090382
358	NAV3	62.1076149201748	-1.32384771999239	0.631732722711643	1.63666410680206e-05	0.00136750406388843	ENSG00000067798
359	AC126178.1	39.5494119521352	-0.986244819455558	0.422533620734967	1.03318085987533e-05	0.00101366522141102	NA
360	UHRF1BP1L	2141.75019610436	-0.287964756096781	0.0828292346699428	0.000141710523924759	0.00518496102039622	NA
361	KITLG	49.1935673816855	-1.01709787098408	0.457438507746724	1.45299381860206e-05	0.00126611204785423	ENSG00000049130
362	AC010203.2	41.9833828506101	-0.925571305136024	0.336394306149316	2.38447361401855e-06	0.000408422661811346	NA
363	P2RX7	1352.11466663708	0.391174921799401	0.139108020524616	0.00029821971301257	0.00797963656333635	ENSG00000089041
364	MARS	1443.33417688781	-0.405430370037366	0.133990867035719	0.000131395115969469	0.00487507488474793	NA
365	PIP4K2C	274.519713035764	0.444621422642735	0.158508785824249	0.000123149381005444	0.00466032443262031	ENSG00000166908
366	MMP19	973.344296834658	-0.923796750405395	0.462458526319404	3.04369890479765e-05	0.00198590108345048	ENSG00000123342
367	ING4	192.960115298622	0.548060694485948	0.176427640497444	8.68728073679457e-06	0.000906008136683811	ENSG00000111653
368	CORO1C	8407.73461107317	-0.210500641794708	0.0621696971426807	0.00037619449040434	0.00929607467426397	ENSG00000110880
369	VPS37B	910.042182770824	-0.351382511983643	0.109136978450869	0.000162232354033284	0.00558121436148271	ENSG00000139722
370	CSRNP2	293.966613629155	-0.352306970163228	0.103119244902293	8.27778514376842e-05	0.00369155771815531	ENSG00000110925
371	GPRC5A	438.188224907863	-0.65864486852702	0.352156395673798	9.81308973582096e-05	0.00409611435318057	ENSG00000013588
372	ATG101	248.664725711967	-0.358029073432373	0.1154775732552	0.000215872571227393	0.00658438104010005	ENSG00000123395
373	PRDM4	191.949102127593	-0.465881509717917	0.13888626748172	1.72139259939065e-05	0.00141613943968504	ENSG00000110851
374	RASSF8	121.728088429162	-0.582493300920173	0.245000262286373	4.47744898490258e-05	0.00256726458030453	ENSG00000123094
375	TXNRD1	6116.53765478551	-0.48297636124642	0.184840607677228	0.000102363016844864	0.00415889005555282	ENSG00000198431
376	LINC02416	173.589707477253	0.589467592244834	0.325086945784506	0.00018300555512064	0.00598495945079722	NA
377	TIMELESS	75.958017685481	0.441185173633861	0.183172516372856	0.000325405842725294	0.00845189257675369	ENSG00000111602
378	TNFRSF1A	2818.09709477197	-0.419916905145245	0.108652208248667	6.0395192514205e-06	0.000739849648023185	ENSG00000067182
379	SLC6A12	149.809807250041	0.903071653450893	0.265047625347248	1.70938596900684e-07	6.28911587763767e-05	ENSG00000111181
380	KDM5A	2259.99426839834	-0.326857655165318	0.106644607573919	0.000365159128277129	0.00910834774770352	ENSG00000073614
381	SOX5	258.959360347622	-1.04754268536541	0.372473162544587	2.26714300670211e-06	0.000408422661811346	ENSG00000134532
382	ATP2B1	21348.4913073145	-0.430325422582162	0.148058511267406	0.000120843890408313	0.00462540193395334	ENSG00000070961
383	CCNT1	997.994181103937	-0.345487702695763	0.114304283204696	0.000325587508746117	0.00845189257675369	ENSG00000129315
384	KRAS	635.536609550126	-0.454798102058295	0.128395730131977	1.11416471503514e-05	0.00104092261225067	ENSG00000133703
385	PIBF1	203.419551848329	-0.436464950322993	0.120061759095133	1.09302406164682e-05	0.00103407883546515	ENSG00000083535
386	SLC7A1	4222.00464170588	-0.739060547265427	0.214986219174391	2.15769142076859e-07	7.43705972119729e-05	ENSG00000139514
387	GJB2	2436.91111965436	-0.898448578906319	0.512943493203923	6.38994120640138e-05	0.00308886026564913	ENSG00000165474
388	TNFSF13B	2075.26755311182	0.437728042004245	0.170118222693252	0.000242329076240399	0.00705791610920696	ENSG00000102524
389	CYSLTR2	256.816135881106	0.638570320173547	0.227799826648125	6.37729922959425e-06	0.000760966921585368	ENSG00000152207
390	LACC1	232.296347123862	-0.811480314081412	0.228744083127123	9.34078733540313e-08	3.99092671798111e-05	ENSG00000179630
391	SLC46A3	126.392973953578	0.423347867151106	0.163209381366689	0.000295985485782822	0.00797944675122942	ENSG00000139508
392	NUP58	1762.17141161076	-0.503147381293024	0.149021444050149	8.1742511088954e-06	0.000873128676913868	ENSG00000139496
393	FLT1	7041.21298981889	-0.504413916015614	0.165465207357464	2.21064625666698e-05	0.00160879174008539	ENSG00000102755
394	GTF2F2	497.909562005948	-0.367322468070906	0.0958903149157255	1.47282986970879e-05	0.00127218832901163	ENSG00000188342
395	JDP2	1099.34626338887	-0.415527827688564	0.119552245386687	2.6891155232234e-05	0.00184545777746601	ENSG00000140044
396	PSMC1	326.989986074223	-0.253001617607138	0.0752912120875198	0.000298088231516281	0.00797963656333635	ENSG00000100764
397	GPR68	137.023087825799	-0.897855519941973	0.321266201121871	2.00074023759495e-06	0.000381868273517286	ENSG00000119714
398	ALKBH1	156.444369793644	-0.379101843873804	0.12460868031841	0.000189228992177643	0.00609814598879047	ENSG00000100601
399	SAMD4A	228.306788347969	1.18366751812385	0.346060620762501	4.36820632874605e-07	0.000125775853965742	ENSG00000020577
400	KLHL28	537.597568812515	-0.376162722415604	0.10838929194468	4.94867664865313e-05	0.00267884128004304	ENSG00000179454
401	PSME1	2788.49925211696	0.57737248205496	0.140722782171369	1.34135141013912e-07	5.51674968925344e-05	ENSG00000092010
402	PSME2	2071.11832716801	1.40859307715202	0.269358408729313	1.75895386382289e-09	2.91216799079177e-06	ENSG00000100911
403	WDR20	525.212532975804	-0.324543500484282	0.0986291191193858	0.000180926553289865	0.00594633299832321	ENSG00000140153
404	GPATCH2L	2724.7995819057	-0.294914030380965	0.0901212495354779	0.000269769772583206	0.00750651394509363	ENSG00000089916
405	DGLUCY	622.217811061323	0.469363739429826	0.14380910021836	2.15895117557874e-05	0.0015824842209048	ENSG00000133943
406	MMP14	1355.23640568293	-0.594028717192767	0.243756312770744	3.31604862535359e-05	0.00211158961744271	ENSG00000157227
407	TRIP11	341.922155464944	-0.374322624719151	0.134067079890772	0.000410428893161195	0.00983318089125698	ENSG00000100815
408	SOS2	1495.97311390239	-0.375635816625271	0.0886000503329533	2.44440752927304e-06	0.000409825034496473	ENSG00000100485
409	AREL1	1559.96020521597	-0.273769732384966	0.0757716849305294	9.82326993557249e-05	0.00409611435318057	ENSG00000119682
410	RABGGTA	353.500794959985	0.452207719757454	0.111999595746988	1.81063667534586e-06	0.000357938548730684	ENSG00000100949
411	STRN3	1050.02633816951	-0.463884513749105	0.1130015527919	1.12885171798826e-06	0.000249194016745908	ENSG00000196792
412	CEP170B	27.2996395985464	-0.787205437295959	0.421338502303238	5.80874826573566e-05	0.00291427540832079	ENSG00000099814
413	TMEM229B	200.642428496115	0.804157310329634	0.461631241205412	8.04702101705249e-05	0.00361297604646984	ENSG00000198133
414	HECTD1	949.930853643812	-0.352565032062559	0.0774469242711495	8.01020800357947e-07	0.000196502451773079	ENSG00000092148
415	KLC1	423.025215975581	-0.691066547829448	0.197120900976411	2.52955660833173e-07	8.17170177496434e-05	ENSG00000126214
416	ZFYVE1	604.314064652904	-0.540126020288289	0.169274895224554	7.63062691878906e-06	0.000854211275906905	ENSG00000165861
417	PSEN1	6231.11623854932	-0.385443411138325	0.122188018334867	0.000122389433547378	0.0046448368118482	ENSG00000080815
418	DHRS4-AS1	42.932128498645	0.45174299798372	0.174350858620106	0.000182936291535431	0.00598495945079722	ENSG00000215256
419	WARS	4079.18087325977	0.628951411801476	0.267422452032174	2.97686184145309e-05	0.00197675987652241	NA
420	EVL	533.568961935787	0.561056681405033	0.255120079816197	9.18800173850468e-05	0.00393835220150467	ENSG00000196405
421	FMN1	2431.76112070012	-0.516588461283147	0.182420266280857	3.31494353809944e-05	0.00211158961744271	ENSG00000248905
422	PSMA4	1334.32869658683	0.546777845257201	0.144273773233499	8.39542347194061e-07	0.000198566756939024	ENSG00000041357
423	SNUPN	177.405634594631	-0.484734568510578	0.160543672045911	3.40839162167503e-05	0.00212944089759838	ENSG00000169371
424	LINC01579	12.1843782998446	-0.787636398541522	0.589758750206963	0.000224164687339087	0.00670797470003468	NA
425	TCF12	2103.12197811515	-0.380233753186916	0.124592001923477	0.000180846895257058	0.00594633299832321	ENSG00000140262
426	LYSMD2	396.256126446084	0.478134845418098	0.20151619540515	0.000191603135626135	0.00613136045575397	ENSG00000140280
427	ZFAND6	1129.67429105949	-0.281805908771429	0.0854110651991922	0.000281849846556576	0.00774502327311588	ENSG00000086666
428	TYRO3	15.382332111421	-0.785890932045495	0.452590153292534	8.58966696709794e-05	0.00378231232122706	ENSG00000092445
429	GABPB1	681.717451837355	-0.333803229604044	0.101950854458721	0.000170508678306548	0.00570311916296524	ENSG00000104064
430	C15orf48	186.842701819139	0.562853215795889	0.322565783368505	0.000267141002164311	0.00748051284073214	ENSG00000166920
431	HAPLN3	65.8983655799442	2.35058896632684	0.598888025066262	8.40138793429395e-08	3.82517398011008e-05	ENSG00000140511
432	TM6SF1	13.2328279649417	-1.07047831847144	0.480086448360164	1.41446895498606e-05	0.00124897608725269	ENSG00000136404
433	FAM214A	194.489667024222	-0.360292776525216	0.123098287806012	0.00035001467774881	0.00891527770535189	NA
434	TLNRD1	3472.62297662406	-0.462048541054938	0.156757499466455	6.22331692990609e-05	0.00303043502708111	ENSG00000140406
435	IVD	168.562474830002	0.47463369965333	0.151801445491025	2.98491487583603e-05	0.00197675987652241	ENSG00000128928
436	CHAC1	494.895583292782	-1.45667853563306	0.316128068197575	2.25614565477539e-08	1.57277101039474e-05	ENSG00000128965
437	INO80	1165.39439939632	-0.261936141245823	0.0782118127773602	0.000286637923243161	0.00781635945679012	ENSG00000128908
438	SV2B	23.8404695860619	-0.747490532520434	0.514123066606741	0.000201173845577324	0.00628600947733766	ENSG00000185518
439	EIF3J-AS1	28.5506143373984	-0.446803928657114	0.17065428913395	0.000187011182044081	0.0060561445138725	NA
440	B2M	68818.2586729041	0.489758822798149	0.144075938499747	9.67882783627347e-06	0.000971182384026077	ENSG00000166710
441	FAM219B	95.5807844335893	-0.373679885877159	0.131799225635884	0.000369472190429575	0.00919860744781903	ENSG00000178761
442	THBS1	19763.9751259513	-2.40341211111558	0.398643135608135	5.555567333813e-12	2.45278297787844e-08	ENSG00000137801
443	MT2A	243.469582800354	0.7786470022561	0.489709003101926	0.000130583172761893	0.00487507488474793	ENSG00000125148
444	AC026461.3	43.4148462730107	0.936251579536263	0.451900518065605	2.39965759617417e-05	0.00171500050990707	NA
445	IL27	156.402586669466	0.960228387558858	0.429066272325749	1.40805575701624e-05	0.00124897608725269	ENSG00000197272
446	AARS	599.569457905286	-0.488316087497079	0.187818034678435	9.6663072235814e-05	0.00408890228535247	NA
447	KARS	1585.89401076101	0.384386813494061	0.107032196899312	2.86361929706136e-05	0.00192531155277044	NA
448	EXOC3L1	19.1980548776237	0.587918994944496	0.389735616339647	0.000374295065604029	0.00928377929574039	ENSG00000179044
449	ZNF778	38.9106832487951	-0.483333874189928	0.232407579626194	0.000322255118216426	0.00842327521893632	ENSG00000170100
450	FOPNL	311.680939076314	0.409639394595594	0.112310637053296	1.60478101550377e-05	0.00135801731271673	NA
451	ZNF688	82.6707169459047	0.468022901265308	0.201434869623137	0.000249466640403865	0.00718301228728085	ENSG00000229809
452	AP1G1	3957.06260966671	-0.336841205864344	0.0833121702405941	9.16101682376734e-06	0.000940602076207739	ENSG00000166747
453	C16orf72	4189.34761570281	-0.238499885094964	0.0701399953265185	0.00029131481157759	0.0079037766730261	NA
454	CYB5B	445.046079190147	0.30861410959687	0.0952709586736021	0.000259119103300214	0.00731776657401137	ENSG00000103018
455	POLR3K	52.2077559203704	0.780259926240725	0.303467873985958	5.49947661940005e-06	0.000687175168150507	ENSG00000161980
456	TMEM219	955.412702922015	0.381720425394565	0.126341041125093	0.000193445329161621	0.00615261425303443	ENSG00000149932
457	PSMB10	499.883300099792	0.785766906585526	0.166498026370956	3.23069598003716e-10	8.55811365111844e-07	ENSG00000205220
458	ZC3H18	1271.54780630616	-0.440027342056761	0.164836872526654	0.000186334048321132	0.00604900605395441	ENSG00000158545
459	IRF8	4552.25833781646	0.785476326187816	0.141931734224599	3.0205900401994e-12	2.22348212420051e-08	ENSG00000140968
460	AC092723.4	295.314201467626	1.6018770134518	0.413858044790448	2.59254993058593e-07	8.17579138824064e-05	NA
461	NQO1	116.897610909678	-0.391652485001959	0.144325555141935	0.000380271582751933	0.00936189054563077	ENSG00000181019
462	KIFC3	160.795115527747	-0.957915504948932	0.308734684281862	6.59567094954021e-07	0.000178285023931959	ENSG00000140859
463	COA3	191.794126660213	0.442356857664455	0.162380648362388	0.0001568178948435	0.00550942444881208	ENSG00000183978
464	GNGT2	157.014115375001	0.53194045229512	0.235053517907785	0.000112309954071511	0.00440102172093835	ENSG00000167083
465	SSH2	504.013626243755	-0.464796911429145	0.123524448564232	4.23922977449121e-06	0.000573299689436274	ENSG00000141298
466	IFI35	1093.47637663351	0.511274467377229	0.250146779192092	0.000239146559803441	0.00699226530816022	ENSG00000068079
467	SLC25A35	62.6037911329255	0.420410553869938	0.168244819456791	0.000383802578523201	0.00938519377423066	ENSG00000125434
468	SECTM1	3753.69679359476	0.534181444898951	0.168336583503841	8.95162097652014e-06	0.000926282967453197	ENSG00000141574
469	OGFOD3	166.896729313895	0.363569325426784	0.115800739706953	0.000176771483774736	0.00585334575649095	ENSG00000181396
470	SMURF2	610.394726962725	-0.432621684326753	0.102491818420445	1.16097724117392e-06	0.000252084320645058	ENSG00000108854
471	JPT1	804.392137833744	0.336536010430158	0.0975136454777212	8.97357665397533e-05	0.00387936622306845	ENSG00000189159
472	PCYT2	126.148651013959	0.323381071487578	0.0969670333268059	0.000157793811653123	0.00551445655764013	ENSG00000185813
473	MAFG	1597.31608667471	-0.427046367312866	0.123854609017955	2.45496623239378e-05	0.00172957594404551	ENSG00000197063
474	RFFL	844.304775257897	-0.511855349544193	0.180090618458917	3.48861555721036e-05	0.00215919219884351	ENSG00000092871
475	AC015849.1	15.5796585956664	0.795022059790558	0.543155179972463	0.000168774189001682	0.00570258707481448	NA
476	CD300A	1854.34602874387	0.521718352496491	0.186448688125132	3.3400524799036e-05	0.00211523547504448	ENSG00000167851
477	PIK3R5	11557.9463597081	-0.427246081684996	0.131395833882986	4.64664829027364e-05	0.00261893006828402	ENSG00000141506
478	LGALS3BP	1039.55853185452	1.86954416331155	0.869625127186784	5.29190428946798e-06	0.000673954541480801	ENSG00000108679
479	CANT1	1499.81195296983	-0.302560903061081	0.0903726279440011	0.000191648412886534	0.00613136045575397	ENSG00000171302
480	TMC6	878.054773648179	0.352584391314	0.117653326419671	0.000318769640648575	0.00839384471250572	ENSG00000141524
481	RSAD1	67.0203039620806	0.443133570280043	0.14629849234081	6.90284906029594e-05	0.00326984395263905	ENSG00000136444
482	PTRH2	166.622551411436	-0.346198550078641	0.115252691494787	0.000341064940500663	0.00874321717158148	ENSG00000141378
483	CLTC	3901.73936327263	-0.331439016784367	0.0881261791920498	3.03202960482207e-05	0.00198590108345048	ENSG00000141367
484	PSMD12	756.523932072995	-0.379606039260818	0.122340582403714	0.000156597599443048	0.00550942444881208	ENSG00000197170
485	MAP2K3	9561.01994732948	-0.321845499846925	0.101935364231471	0.000290034437067038	0.00788810291366103	ENSG00000034152
486	AC004477.1	18.766826945511	-0.489197392205186	0.224555994648973	0.00024361845718646	0.00707615452946198	NA
487	PHLPP1	1388.05233909698	-0.443999277876767	0.172470155494152	0.000216975910015211	0.00658438104010005	ENSG00000081913
488	AC011825.3	19.7049242248858	0.572225628955489	0.263193873937354	8.65262841322612e-05	0.00378231232122706	NA
489	CNDP2	2510.35116156526	0.56917833733208	0.195216648286752	1.11597592253375e-05	0.00104092261225067	ENSG00000133313
490	ABHD3	338.686516789589	0.371506801992363	0.108571978796176	6.25769190812772e-05	0.00303601206311911	ENSG00000158201
491	TRAPPC8	975.239155980713	-0.300368557085782	0.0846982098093032	9.66043319514082e-05	0.00408890228535247	ENSG00000153339
492	RNF138	143.299098961505	0.506973294382026	0.154768415835006	1.05503966013488e-05	0.00102000002178734	ENSG00000134758
493	KATNAL2	28.1073347294702	-0.492995254279742	0.252149914793797	0.000359903536506637	0.00905800110147233	ENSG00000167216
494	SERPINB8	3588.17736909407	-0.565459098946202	0.163800254948956	2.03418875487335e-06	0.000381868273517286	ENSG00000166401
495	MBD1	1013.99001942053	-0.316036490031815	0.0950777986783052	0.000178687828659549	0.00590204561245818	ENSG00000141644
496	ROCK1	2619.66358489313	-0.386793322984734	0.141499371766198	0.000391623778723977	0.00949778205713829	ENSG00000067900
497	FAM110A	1222.65047690554	-0.458931193573283	0.118284968700597	3.01180846845493e-06	0.000474897656722447	ENSG00000125898
498	RNF114	857.003786315149	0.492151322901982	0.133905321810057	3.5747546769444e-06	0.000526084729956984	ENSG00000124226
499	ACSS1	449.787052147626	0.483636239999592	0.153908670097954	2.42514186028772e-05	0.00171770074542839	ENSG00000154930
500	MMP9	347.436402259898	-1.54757363446822	0.778578122487563	1.32817101368267e-05	0.00120490582713884	ENSG00000100985
501	NORAD	4088.61296094941	-0.274397125011231	0.0820108871816241	0.000258036788312401	0.00731776657401137	ENSG00000260032
502	MTG2	180.582747672973	-0.402035560963664	0.11632301123417	3.54913146193766e-05	0.00218643005643555	ENSG00000101181
503	C20orf194	408.256831782893	-0.373141372027055	0.0830905311951182	8.23107054205035e-07	0.000198219144235376	NA
504	RALGAPB	1065.01812943361	-0.303211543336435	0.0872713109014425	0.00012175485059669	0.00463403159814125	ENSG00000170471
505	ZBP1	132.697265818407	1.161735388592	0.549503538473935	1.84715049594938e-05	0.00146229646568273	ENSG00000124256
506	CD40	336.921263100176	0.815141781298718	0.334348771031973	8.13134439112717e-06	0.000873128676913868	ENSG00000101017
507	AL139352.1	13.7385480189041	0.537738665458854	0.2880426427187	0.000257994180960872	0.00731776657401137	NA
508	SMIM25	1672.92691656982	0.489834977926562	0.129080871675972	2.40520706842469e-06	0.000408422661811346	NA
509	RPRD1B	672.673565651757	-0.323489373906823	0.0899635033774872	6.22156927438134e-05	0.00303043502708111	ENSG00000101413
510	TGM2	254.173391997389	1.49725363133803	0.438628339149999	8.01142498735091e-07	0.000196502451773079	ENSG00000198959
511	RAB22A	825.002341198439	-0.431781599904448	0.11306713704728	5.97585519212941e-06	0.000739721514203309	ENSG00000124209
512	ZNF333	281.375202081285	-0.413725968366357	0.137000542926674	0.000116668977240708	0.00451836433787479	ENSG00000160961
513	RASAL3	357.188892638877	0.446490746015112	0.145242256297473	5.72006321253967e-05	0.00289168844465985	ENSG00000105122
514	HOMER3-AS1	95.3294581213477	-0.493046420454845	0.208179290867291	0.00015339016827607	0.0054740315450935	NA
515	CD177	51.0073094657981	-0.867386590931069	0.976648094698316	0.000132918865205342	0.00491762673085125	ENSG00000204936
516	TMEM150B	340.008379984957	0.425127876090546	0.154347964650628	0.000195950058897297	0.00620899169879114	ENSG00000180061
517	ISOC2	84.6613172674653	0.506569212276359	0.220711457796983	0.000147806957031781	0.00535618140169924	ENSG00000063241
518	IL12RB1	467.99168472552	0.613390793284009	0.193420206107898	2.48896663332389e-06	0.000412079538229686	ENSG00000096996
519	IGFLR1	66.08672042241	0.588673458118134	0.319294050700942	0.000170903858958933	0.00570311916296524	ENSG00000126246
520	SH3GL1	973.326270220758	-0.359171867923273	0.101613593237574	4.97988166506878e-05	0.00268124116479008	ENSG00000141985
521	TIMM44	210.289520227241	-0.405259773960168	0.123415472297593	5.99275872900863e-05	0.00298651859737369	ENSG00000104980
522	KEAP1	632.975021801096	-0.464447933033617	0.161058929317742	7.09167682142355e-05	0.00334267827401263	ENSG00000079999
523	CDKN2D	536.523437530321	0.471958474108651	0.201652642484251	0.000226241677586143	0.00674903382799203	ENSG00000129355
524	SEMA6B	2468.00699707616	-0.710922309786258	0.339910570064044	3.82291523680649e-05	0.00230805305603757	ENSG00000167680
525	BST2	1553.56871332697	0.446247310983993	0.171820927789001	0.000198192531057073	0.00623529708753191	ENSG00000130303
526	SIGLEC9	2209.06187267448	-0.385029392461701	0.106549436258086	2.61660111363137e-05	0.00181449642670406	ENSG00000129450
527	CEBPG	883.011997774536	-0.676471434197127	0.173152700552613	5.53349884914947e-08	2.81889200988403e-05	ENSG00000153879
528	ZBTB45	86.5615347117527	-0.365513222851494	0.107385260717605	7.23694251905909e-05	0.00338704253232995	ENSG00000119574
529	TPM4	6062.91283960427	-0.448061486235155	0.180059467226966	0.000244865957079183	0.00708133100767199	ENSG00000167460
530	RAB8A	387.70859231861	0.509973516625106	0.115933556626417	1.41615318561432e-07	5.51674968925344e-05	ENSG00000167461
531	FKRP	205.971086346655	-0.361452437825518	0.125481709557907	0.000392245132899558	0.00949778205713829	ENSG00000181027
532	SLC1A5	736.196898033028	-0.472053555723527	0.176309821933657	0.000105287384093866	0.00425162012903433	ENSG00000105281
533	ZNF460	579.293600744484	-0.377754702840383	0.107912158390324	4.35326891442294e-05	0.00251786230443371	ENSG00000197714
534	MIATNB	355.130656732764	-0.546224058691429	0.120810475602051	4.05768051229302e-08	2.55923706596767e-05	NA
535	ASPHD2	41.2550780854985	0.552757080122261	0.314579585687037	0.000283860435376905	0.00778412311918655	ENSG00000128203
536	APOBEC3G	344.105837765687	0.833611023027128	0.260568605489653	4.05114468560911e-07	0.000119238691913095	ENSG00000239713
537	NIPSNAP1	142.442632849238	0.417540348224053	0.117766552055704	2.04346217312638e-05	0.00154660894188908	ENSG00000184117
538	UQCR10	292.517465178583	0.454545212883534	0.133345892159406	1.75844271109009e-05	0.00142192214948506	ENSG00000184076
539	CRKL	1846.4472057173	-0.280710050587663	0.07432074839504	4.89233761752899e-05	0.00267764511339551	ENSG00000099942
540	APOL4	20.2641225461686	1.23208097667006	0.887483968009943	5.38984515103225e-05	0.00275871472345045	ENSG00000100336
541	KLHDC7B	102.715603103361	1.25211119006222	0.614936469503551	2.02027299824777e-05	0.00154660894188908	ENSG00000130487
542	ODF3B	901.769581190256	0.447095572430125	0.166063412467234	0.000156113038169038	0.00550942444881208	ENSG00000177989
543	APOL2	394.299543751511	0.729689427365711	0.262915084070423	3.23920083724691e-06	0.000498874594062039	ENSG00000128335
544	ATF4	6975.61183165386	-0.40740898284789	0.100263701873978	3.29850793505027e-06	0.000502169397698171	ENSG00000128272
545	ADM2	66.7337410864656	-0.881845176133023	0.635132905668233	0.000152257357470987	0.00545040189108979	ENSG00000128165
546	BRD1	666.492583483902	-0.367160449173352	0.10415571756162	4.62610665255813e-05	0.0026184949834672	ENSG00000100425
547	APOL1	509.938496561149	1.34279133389748	0.36097396759202	2.80564465087544e-07	8.64203800019657e-05	ENSG00000100342
548	PITPNB	1414.32287316381	-0.395441979172629	0.103722802370986	1.06819832596132e-05	0.00102523817589548	ENSG00000180957
549	C22orf42	64.0636098860738	-0.98222106267283	0.516525105055824	3.75133327313786e-05	0.00227919308269316	ENSG00000205856
550	APOL3	803.630021669613	1.44189461758881	0.290996874253754	6.0189939549541e-09	6.64346457778059e-06	ENSG00000128284
551	RUNX1	6086.60910464729	-0.345632668176327	0.117416475848484	0.000410551078359012	0.00983318089125698	ENSG00000159216
552	SUMO3	1411.18041038901	0.334919477150654	0.0993394772741737	0.00012089594875602	0.00462540193395334	ENSG00000184900
553	AGPAT3	2426.47952696144	0.354784540960441	0.120059701838637	0.000349312380569139	0.00891453271799276	ENSG00000160216
554	HSPA13	854.993863303518	-0.472641792754218	0.15948680955809	4.94038498006357e-05	0.00267884128004304	ENSG00000155304
555	SLC37A1	378.174355332749	0.327605314083516	0.107519030828447	0.000382407436563732	0.00938519377423066	ENSG00000160190
